eeg 799.460449219 763.270874023 840.584960938 797.815490723
a nan nan nan nan
b nan nan nan nan
d nan nan nan nan
g nan nan nan nan
t nan nan nan nan
h 4.0 4.0 4.0 4.0
c 0.0
Aa 0.0 0.0 0.0 0.0
Ab 0.0 0.0 0.0 0.0
Ad 0.0 0.0 0.0 0.0
Ag 0.0 0.0 0.0 0.0
At 0.0 0.0 0.0 0.0
as 0.0 0.0 0.0 0.0
bs 0.0 0.0 0.0 0.0
ds 0.0 0.0 0.0 0.0
gs 0.0 0.0 0.0 0.0
ts 0.0 0.0 0.0 0.0
eeg 807.68536377 842.229919434 893.224304199 797.815490723
eeg 829.070068359 868.549621582 893.224304199 797.815490723
eeg 804.395385742 868.549621582 893.224304199 745.176086426
eeg 789.590576172 894.86932373 945.863708496 850.454833984
eeg 802.750427246 789.590576172 840.584960938 850.454833984
eeg 812.620300293 763.270874023 840.584960938 850.454833984
eeg 792.880554199 868.549621582 893.224304199 797.815490723
eeg 801.105407715 868.549621582 893.224304199 797.815490723
eeg 819.200195312 868.549621582 893.224304199 850.454833984
eeg 825.780151367 789.590576172 840.584960938 903.094238281
eeg 807.68536377 736.951171875 787.945556641 850.454833984
eeg 817.555236816 842.229919434 840.584960938 850.454833984
eeg 835.650024414 875.129516602 870.194580078 797.815490723
eeg 812.620300293 848.809875488 845.519897461 745.176086426
eeg 807.68536377 881.709472656 916.25402832 850.454833984
eeg 819.200195312 802.750427246 792.880554199 850.454833984
eeg 840.584960938 743.53112793 758.3359375 797.815490723
eeg 820.845214844 875.129516602 871.839599609 797.815490723
eeg 830.715087891 894.86932373 903.094238281 797.815490723
eeg 825.780151367 888.289367676 914.609069824 850.454833984
eeg 824.135131836 796.170471191 796.170471191 903.094238281
eeg 812.620300293 743.53112793 746.821105957 850.454833984
a nan nan nan nan
b nan nan nan nan
d nan nan nan nan
g nan nan nan nan
t nan nan nan nan
h 4.0 4.0 4.0 4.0
c 0.0
Aa 0.0 0.0 0.0 0.0
Ab 0.0 0.0 0.0 0.0
Ad 0.0 0.0 0.0 0.0
Ag 0.0 0.0 0.0 0.0
At 0.0 0.0 0.0 0.0
as 0.0 0.0 0.0 0.0
bs 0.0 0.0 0.0 0.0
ds 0.0 0.0 0.0 0.0
gs 0.0 0.0 0.0 0.0
ts 0.0 0.0 0.0 0.0
eeg 802.750427246 855.389770508 858.679748535 850.454833984
eeg 822.49017334 894.86932373 888.289367676 850.454833984
eeg 807.68536377 861.969726562 875.129516602 797.815490723
eeg 799.460449219 868.549621582 894.86932373 903.094238281
eeg 830.715087891 802.750427246 804.395385742 903.094238281
eeg 819.200195312 750.111022949 759.980895996 850.454833984
eeg 802.750427246 855.389770508 838.940002441 797.815490723
eeg 845.519897461 829.070068359 812.620300293 745.176086426
eeg 865.259643555 802.750427246 812.620300293 797.815490723
eeg 832.360046387 750.111022949 759.980895996 824.135131836
eeg 806.040344238 697.471679688 707.341552734 745.176086426
eeg 815.91027832 802.750427246 812.620300293 745.176086426
eeg 815.91027832 829.070068359 838.940002441 745.176086426
eeg 835.650024414 802.750427246 812.620300293 718.856384277
eeg 801.105407715 802.750427246 838.940002441 824.135131836
eeg 797.815490723 776.430725098 786.300598145 850.454833984
eeg 812.620300293 723.791320801 733.661254883 771.495788574
eeg 783.010620117 855.389770508 865.259643555 771.495788574
eeg 791.235534668 855.389770508 865.259643555 771.495788574
eeg 806.040344238 855.389770508 865.259643555 850.454833984
eeg 787.945556641 802.750427246 812.620300293 903.094238281
eeg 745.176086426 750.111022949 759.980895996 824.135131836
a nan nan nan nan
b nan nan nan nan
d nan nan nan nan
g nan nan nan nan
t nan nan nan nan
h 4.0 4.0 4.0 4.0
c 0.0
Aa 0.0 0.0 0.0 0.0
Ab 0.0 0.0 0.0 0.0
Ad 0.0 0.0 0.0 0.0
Ag 0.0 0.0 0.0 0.0
At 0.0 0.0 0.0 0.0
as 0.0 0.0 0.0 0.0
bs 0.0 0.0 0.0 0.0
ds 0.0 0.0 0.0 0.0
gs 0.0 0.0 0.0 0.0
ts 0.0 0.0 0.0 0.0
eeg 791.235534668 829.070068359 865.259643555 797.815490723
eeg 791.235534668 881.709472656 917.899047852 810.975280762
eeg 789.590576172 829.070068359 917.899047852 774.785766602
eeg 789.590576172 829.070068359 917.899047852 860.324707031
eeg 779.720703125 802.750427246 865.259643555 912.964111328
eeg 789.590576172 723.791320801 812.620300293 791.235534668
eeg 773.14074707 855.389770508 917.899047852 781.365661621
eeg 776.430725098 855.389770508 917.899047852 774.785766602
eeg 802.750427246 829.070068359 917.899047852 857.034729004
eeg 812.620300293 776.430725098 865.259643555 929.413879395
eeg 786.300598145 750.111022949 812.620300293 827.425109863
eeg 792.880554199 829.070068359 865.259643555 794.525512695
eeg 824.135131836 881.709472656 917.899047852 820.845214844
eeg 809.330322266 829.070068359 865.259643555 794.525512695
eeg 809.330322266 829.070068359 865.259643555 870.194580078
eeg 827.425109863 802.750427246 812.620300293 922.833984375
eeg 822.49017334 723.791320801 733.661254883 817.555236816
eeg 819.200195312 855.389770508 838.940002441 817.555236816
eeg 824.135131836 855.389770508 812.620300293 817.555236816
eeg 837.29498291 802.750427246 759.980895996 870.194580078
eeg 845.519897461 750.111022949 707.341552734 922.833984375
eeg 806.040344238 723.791320801 681.021850586 817.555236816
a nan nan nan nan
b nan nan nan nan
d nan nan nan nan
g nan nan nan nan
t nan nan nan nan
h 4.0 4.0 4.0 4.0
c 0.0
Aa 0.0 0.0 0.0 0.0
Ab 0.0 0.0 0.0 0.0
Ad 0.0 0.0 0.0 0.0
Ag 0.0 0.0 0.0 0.0
At 0.0 0.0 0.0 0.0
as 0.0 0.0 0.0 0.0
bs 0.0 0.0 0.0 0.0
ds 0.0 0.0 0.0 0.0
gs 0.0 0.0 0.0 0.0
ts 0.0 0.0 0.0 0.0
eeg 812.620300293 829.070068359 786.300598145 817.555236816
eeg 825.780151367 881.709472656 838.940002441 817.555236816
eeg 802.750427246 802.750427246 786.300598145 817.555236816
eeg 792.880554199 802.750427246 786.300598145 870.194580078
eeg 809.330322266 802.750427246 786.300598145 922.833984375
eeg 812.620300293 750.111022949 707.341552734 817.555236816
eeg 794.525512695 881.709472656 865.259643555 817.555236816
eeg 801.105407715 881.709472656 865.259643555 817.555236816
eeg 814.265258789 829.070068359 838.940002441 870.194580078
eeg 815.91027832 802.750427246 812.620300293 922.833984375
eeg 804.395385742 750.111022949 759.980895996 843.874938965
eeg 809.330322266 802.750427246 812.620300293 843.874938965
eeg 838.940002441 855.389770508 865.259643555 870.194580078
eeg 838.940002441 802.750427246 812.620300293 870.194580078
eeg 822.49017334 802.750427246 812.620300293 896.514282227
eeg 829.070068359 802.750427246 812.620300293 949.153686523
eeg 837.29498291 750.111022949 759.980895996 817.555236816
eeg 814.265258789 855.389770508 865.259643555 817.555236816
eeg 804.395385742 855.389770508 865.259643555 843.874938965
eeg 814.265258789 750.111022949 812.620300293 896.514282227
eeg 832.360046387 750.111022949 759.980895996 922.833984375
eeg 822.49017334 750.111022949 759.980895996 817.555236816
a nan nan nan nan
b nan nan nan nan
d nan nan nan nan
g nan nan nan nan
t nan nan nan nan
h 4.0 4.0 4.0 4.0
c 0.0
Aa 0.0 0.0 0.0 0.0
Ab 0.0 0.0 0.0 0.0
Ad 0.0 0.0 0.0 0.0
Ag 0.0 0.0 0.0 0.0
At 0.0 0.0 0.0 0.0
as 0.0 0.0 0.0 0.0
bs 0.0 0.0 0.0 0.0
ds 0.0 0.0 0.0 0.0
gs 0.0 0.0 0.0 0.0
ts 0.0 0.0 0.0 0.0
eeg 817.555236816 855.389770508 865.259643555 791.235534668
eeg 838.940002441 908.029174805 917.899047852 843.874938965
eeg 853.744812012 802.750427246 812.620300293 843.874938965
eeg 822.49017334 802.750427246 812.620300293 870.194580078
eeg 806.040344238 829.070068359 838.940002441 949.153686523
eeg 814.265258789 802.750427246 786.300598145 843.874938965
eeg 822.49017334 855.389770508 865.259643555 843.874938965
eeg 807.68536377 908.029174805 917.899047852 896.514282227
eeg 792.880554199 776.430725098 812.620300293 922.833984375
eeg 804.395385742 776.430725098 786.300598145 949.153686523
eeg 794.525512695 776.430725098 786.300598145 870.194580078
eeg 792.880554199 855.389770508 865.259643555 817.555236816
eeg 812.620300293 908.029174805 917.899047852 870.194580078
eeg 822.49017334 802.750427246 812.620300293 870.194580078
eeg 814.265258789 776.430725098 812.620300293 870.194580078
eeg 817.555236816 802.750427246 812.620300293 922.833984375
eeg 842.229919434 802.750427246 786.300598145 791.235534668
eeg 820.845214844 855.389770508 865.259643555 791.235534668
eeg 817.555236816 908.029174805 891.579345703 843.874938965
eeg 837.29498291 776.430725098 786.300598145 870.194580078
eeg 829.070068359 829.070068359 812.620300293 922.833984375
eeg 794.525512695 829.070068359 812.620300293 870.194580078
a nan nan nan nan
b nan nan nan nan
d nan nan nan nan
g nan nan nan nan
t nan nan nan nan
h 4.0 4.0 4.0 4.0
c 0.0
Aa 0.0 0.0 0.0 0.0
Ab 0.0 0.0 0.0 0.0
Ad 0.0 0.0 0.0 0.0
Ag 0.0 0.0 0.0 0.0
At 0.0 0.0 0.0 0.0
as 0.0 0.0 0.0 0.0
bs 0.0 0.0 0.0 0.0
ds 0.0 0.0 0.0 0.0
gs 0.0 0.0 0.0 0.0
ts 0.0 0.0 0.0 0.0
eeg 827.425109863 881.709472656 891.579345703 870.194580078
eeg 847.164855957 934.348815918 944.218688965 922.833984375
eeg 827.425109863 829.070068359 865.259643555 922.833984375
eeg 812.620300293 829.070068359 838.940002441 922.833984375
eeg 820.845214844 829.070068359 838.940002441 975.473327637
eeg 827.425109863 829.070068359 838.940002441 870.194580078
eeg 806.040344238 881.709472656 891.579345703 870.194580078
eeg 807.68536377 934.348815918 917.899047852 922.833984375
eeg 817.555236816 829.070068359 786.300598145 922.833984375
eeg 822.49017334 829.070068359 786.300598145 922.833984375
eeg 801.105407715 829.070068359 786.300598145 870.194580078
eeg 810.975280762 881.709472656 865.259643555 817.555236816
eeg 829.070068359 934.348815918 917.899047852 870.194580078
eeg 817.555236816 829.070068359 812.620300293 870.194580078
eeg 796.170471191 771.495788574 781.365661621 857.034729004
eeg 829.070068359 824.135131836 834.005004883 935.993835449
eeg 843.874938965 850.454833984 860.324707031 830.715087891
eeg 812.620300293 876.774536133 939.283752441 804.395385742
eeg 824.135131836 929.413879395 965.60345459 909.674133301
eeg 863.614685059 797.815490723 834.005004883 909.674133301
eeg 865.259643555 797.815490723 834.005004883 909.674133301
eeg 804.395385742 824.135131836 834.005004883 830.715087891
a nan nan nan nan
b nan nan nan nan
d nan nan nan nan
g nan nan nan nan
t nan nan nan nan
h 4.0 4.0 4.0 4.0
c 0.0
Aa 0.0 0.0 0.0 0.0
Ab 0.0 0.0 0.0 0.0
Ad 0.0 0.0 0.0 0.0
Ag 0.0 0.0 0.0 0.0
At 0.0 0.0 0.0 0.0
as 0.0 0.0 0.0 0.0
bs 0.0 0.0 0.0 0.0
ds 0.0 0.0 0.0 0.0
gs 0.0 0.0 0.0 0.0
ts 0.0 0.0 0.0 0.0
eeg 817.555236816 876.774536133 886.64440918 778.075683594
eeg 815.91027832 903.094238281 939.283752441 857.034729004
eeg 819.200195312 824.135131836 834.005004883 883.354431152
eeg 817.555236816 771.495788574 807.68536377 857.034729004
eeg 822.49017334 824.135131836 834.005004883 883.354431152
eeg 827.425109863 824.135131836 834.005004883 804.395385742
eeg 806.040344238 850.454833984 860.324707031 778.075683594
eeg 812.620300293 903.094238281 912.964111328 883.354431152
eeg 837.29498291 771.495788574 781.365661621 883.354431152
eeg 815.91027832 797.815490723 807.68536377 909.674133301
eeg 783.010620117 850.454833984 834.005004883 857.034729004
eeg 815.91027832 929.413879395 912.964111328 830.715087891
eeg 820.845214844 955.733581543 991.923156738 909.674133301
eeg 806.040344238 876.774536133 886.64440918 935.993835449
eeg 804.395385742 824.135131836 834.005004883 909.674133301
eeg 817.555236816 876.774536133 860.324707031 935.993835449
eeg 837.29498291 876.774536133 860.324707031 883.354431152
eeg 822.49017334 876.774536133 886.64440918 830.715087891
eeg 824.135131836 929.413879395 939.283752441 935.993835449
eeg 834.005004883 797.815490723 807.68536377 935.993835449
eeg 832.360046387 797.815490723 807.68536377 935.993835449
eeg 801.105407715 850.454833984 834.005004883 857.034729004
a nan nan nan nan
b nan nan nan nan
d nan nan nan nan
g nan nan nan nan
t nan nan nan nan
h 4.0 4.0 4.0 4.0
c 0.0
Aa 0.0 0.0 0.0 0.0
Ab 0.0 0.0 0.0 0.0
Ad 0.0 0.0 0.0 0.0
Ag 0.0 0.0 0.0 0.0
At 0.0 0.0 0.0 0.0
as 0.0 0.0 0.0 0.0
bs 0.0 0.0 0.0 0.0
ds 0.0 0.0 0.0 0.0
gs 0.0 0.0 0.0 0.0
ts 0.0 0.0 0.0 0.0
eeg 822.49017334 876.774536133 886.64440918 804.395385742
eeg 838.940002441 903.094238281 912.964111328 883.354431152
eeg 830.715087891 824.135131836 834.005004883 909.674133301
eeg 812.620300293 824.135131836 807.68536377 857.034729004
eeg 824.135131836 929.413879395 886.64440918 830.715087891
eeg 835.650024414 929.413879395 939.283752441 751.75604248
eeg 807.68536377 929.413879395 965.60345459 699.116638184
eeg 810.975280762 982.053283691 1018.24285889 830.715087891
eeg 827.425109863 876.774536133 886.64440918 830.715087891
eeg 827.425109863 876.774536133 886.64440918 830.715087891
eeg 786.300598145 929.413879395 912.964111328 778.075683594
eeg 806.040344238 929.413879395 939.283752441 751.75604248
eeg 817.555236816 929.413879395 965.60345459 830.715087891
eeg 817.555236816 876.774536133 860.324707031 883.354431152
eeg 802.750427246 824.135131836 807.68536377 830.715087891
eeg 797.815490723 876.774536133 860.324707031 830.715087891
eeg 825.780151367 876.774536133 860.324707031 804.395385742
eeg 797.815490723 876.774536133 860.324707031 751.75604248
eeg 791.235534668 929.413879395 939.283752441 883.354431152
eeg 796.170471191 804.395385742 807.68536377 857.034729004
eeg 799.460449219 774.785766602 787.945556641 830.715087891
eeg 796.170471191 880.064453125 860.324707031 778.075683594
a nan nan nan nan
b nan nan nan nan
d nan nan nan nan
g nan nan nan nan
t nan nan nan nan
h 4.0 4.0 4.0 4.0
c 0.0
Aa 0.0 0.0 0.0 0.0
Ab 0.0 0.0 0.0 0.0
Ad 0.0 0.0 0.0 0.0
Ag 0.0 0.0 0.0 0.0
At 0.0 0.0 0.0 0.0
as 0.0 0.0 0.0 0.0
bs 0.0 0.0 0.0 0.0
ds 0.0 0.0 0.0 0.0
gs 0.0 0.0 0.0 0.0
ts 0.0 0.0 0.0 0.0
eeg 806.040344238 906.384155273 899.804260254 751.75604248
eeg 809.330322266 919.544006348 926.123962402 830.715087891
eeg 817.555236816 820.845214844 827.425109863 883.354431152
eeg 802.750427246 751.75604248 761.625915527 830.715087891
eeg 799.460449219 853.744812012 834.005004883 830.715087891
eeg 814.265258789 886.64440918 873.484558105 804.395385742
eeg 810.975280762 866.904663086 860.324707031 751.75604248
eeg 799.460449219 903.094238281 926.123962402 883.354431152
eeg 812.620300293 817.555236816 807.68536377 883.354431152
eeg 814.265258789 758.3359375 768.205810547 830.715087891
eeg 810.975280762 886.64440918 873.484558105 804.395385742
eeg 819.200195312 903.094238281 899.804260254 778.075683594
eeg 815.91027832 903.094238281 919.544006348 857.034729004
eeg 827.425109863 850.454833984 866.904663086 883.354431152
eeg 797.815490723 797.815490723 814.265258789 804.395385742
eeg 804.395385742 903.094238281 866.904663086 804.395385742
eeg 825.780151367 903.094238281 866.904663086 804.395385742
eeg 819.200195312 903.094238281 866.904663086 751.75604248
eeg 810.975280762 903.094238281 866.904663086 857.034729004
eeg 814.265258789 850.454833984 814.265258789 883.354431152
eeg 837.29498291 797.815490723 761.625915527 804.395385742
eeg 834.005004883 903.094238281 866.904663086 778.075683594
a nan nan nan nan
b nan nan nan nan
d nan nan nan nan
g nan nan nan nan
t nan nan nan nan
h 4.0 4.0 4.0 4.0
c 0.0
Aa 0.0 0.0 0.0 0.0
Ab 0.0 0.0 0.0 0.0
Ad 0.0 0.0 0.0 0.0
Ag 0.0 0.0 0.0 0.0
At 0.0 0.0 0.0 0.0
as 0.0 0.0 0.0 0.0
bs 0.0 0.0 0.0 0.0
ds 0.0 0.0 0.0 0.0
gs 0.0 0.0 0.0 0.0
ts 0.0 0.0 0.0 0.0
eeg 814.265258789 903.094238281 866.904663086 751.75604248
eeg 815.91027832 903.094238281 866.904663086 830.715087891
eeg 842.229919434 850.454833984 814.265258789 883.354431152
eeg 794.525512695 797.815490723 761.625915527 804.395385742
eeg 796.170471191 903.094238281 866.904663086 804.395385742
eeg 807.68536377 903.094238281 866.904663086 804.395385742
eeg 815.91027832 850.454833984 814.265258789 751.75604248
eeg 819.200195312 876.774536133 866.904663086 870.194580078
eeg 801.105407715 850.454833984 866.904663086 903.094238281
eeg 820.845214844 771.495788574 814.265258789 810.975280762
eeg 807.68536377 903.094238281 919.544006348 791.235534668
eeg 799.460449219 903.094238281 919.544006348 771.495788574
eeg 807.68536377 876.774536133 919.544006348 863.614685059
eeg 819.200195312 824.135131836 866.904663086 929.413879395
eeg 787.945556641 797.815490723 814.265258789 830.715087891
eeg 804.395385742 876.774536133 866.904663086 804.395385742
eeg 817.555236816 929.413879395 919.544006348 810.975280762
eeg 814.265258789 876.774536133 919.544006348 771.495788574
eeg 812.620300293 876.774536133 919.544006348 863.614685059
eeg 824.135131836 850.454833984 866.904663086 909.674133301
eeg 824.135131836 771.495788574 814.265258789 791.235534668
eeg 812.620300293 903.094238281 919.544006348 784.655639648
a nan nan nan nan
b nan nan nan nan
d nan nan nan nan
g nan nan nan nan
t nan nan nan nan
h 4.0 4.0 4.0 4.0
c 0.0
Aa 0.0 0.0 0.0 0.0
Ab 0.0 0.0 0.0 0.0
Ad 0.0 0.0 0.0 0.0
Ag 0.0 0.0 0.0 0.0
At 0.0 0.0 0.0 0.0
as 0.0 0.0 0.0 0.0
bs 0.0 0.0 0.0 0.0
ds 0.0 0.0 0.0 0.0
gs 0.0 0.0 0.0 0.0
ts 0.0 0.0 0.0 0.0
eeg 815.91027832 903.094238281 919.544006348 778.075683594
eeg 809.330322266 850.454833984 866.904663086 883.354431152
eeg 822.49017334 745.176086426 814.265258789 935.993835449
eeg 799.460449219 692.536743164 761.625915527 830.715087891
eeg 809.330322266 745.176086426 840.584960938 830.715087891
eeg 812.620300293 797.815490723 893.224304199 830.715087891
eeg 801.105407715 745.176086426 840.584960938 830.715087891
eeg 804.395385742 745.176086426 840.584960938 883.354431152
eeg 824.135131836 745.176086426 814.265258789 935.993835449
eeg 834.005004883 692.536743164 761.625915527 830.715087891
eeg 796.170471191 797.815490723 893.224304199 830.715087891
eeg 801.105407715 797.815490723 893.224304199 830.715087891
eeg 820.845214844 745.176086426 866.904663086 883.354431152
eeg 827.425109863 745.176086426 814.265258789 935.993835449
eeg 809.330322266 745.176086426 787.945556641 830.715087891
eeg 806.040344238 850.454833984 866.904663086 830.715087891
eeg 817.555236816 903.094238281 919.544006348 830.715087891
eeg 825.780151367 824.135131836 814.265258789 857.034729004
eeg 804.395385742 824.135131836 761.625915527 909.674133301
eeg 809.330322266 824.135131836 761.625915527 962.313476562
eeg 817.555236816 771.495788574 708.98651123 830.715087891
eeg 787.945556641 876.774536133 814.265258789 830.715087891
a nan nan nan nan
b nan nan nan nan
d nan nan nan nan
g nan nan nan nan
t nan nan nan nan
h 4.0 4.0 4.0 4.0
c 0.0
Aa 0.0 0.0 0.0 0.0
Ab 0.0 0.0 0.0 0.0
Ad 0.0 0.0 0.0 0.0
Ag 0.0 0.0 0.0 0.0
At 0.0 0.0 0.0 0.0
as 0.0 0.0 0.0 0.0
bs 0.0 0.0 0.0 0.0
ds 0.0 0.0 0.0 0.0
gs 0.0 0.0 0.0 0.0
ts 0.0 0.0 0.0 0.0
eeg 801.105407715 903.094238281 814.265258789 830.715087891
eeg 804.395385742 824.135131836 761.625915527 883.354431152
eeg 825.780151367 797.815490723 708.98651123 935.993835449
eeg 809.330322266 797.815490723 708.98651123 830.715087891
eeg 814.265258789 876.774536133 814.265258789 804.395385742
eeg 822.49017334 929.413879395 866.904663086 830.715087891
eeg 820.845214844 850.454833984 814.265258789 830.715087891
eeg 815.91027832 824.135131836 814.265258789 857.034729004
eeg 832.360046387 824.135131836 814.265258789 909.674133301
eeg 830.715087891 797.815490723 761.625915527 778.075683594
eeg 804.395385742 876.774536133 866.904663086 778.075683594
eeg 810.975280762 921.188964844 904.739196777 815.91027832
eeg 817.555236816 815.91027832 825.780151367 921.188964844
eeg 820.845214844 815.91027832 799.460449219 921.188964844
eeg 801.105407715 815.91027832 773.14074707 868.549621582
eeg 801.105407715 868.549621582 852.09979248 815.91027832
eeg 814.265258789 921.188964844 904.739196777 868.549621582
eeg 804.395385742 815.91027832 799.460449219 868.549621582
eeg 796.170471191 815.91027832 799.460449219 868.549621582
eeg 806.040344238 815.91027832 799.460449219 921.188964844
eeg 804.395385742 815.91027832 773.14074707 815.91027832
eeg 792.880554199 868.549621582 878.419494629 815.91027832
a nan nan nan nan
b nan nan nan nan
d nan nan nan nan
g nan nan nan nan
t nan nan nan nan
h 4.0 4.0 4.0 4.0
c 0.0
Aa 0.0 0.0 0.0 0.0
Ab 0.0 0.0 0.0 0.0
Ad 0.0 0.0 0.0 0.0
Ag 0.0 0.0 0.0 0.0
At 0.0 0.0 0.0 0.0
as 0.0 0.0 0.0 0.0
bs 0.0 0.0 0.0 0.0
ds 0.0 0.0 0.0 0.0
gs 0.0 0.0 0.0 0.0
ts 0.0 0.0 0.0 0.0
eeg 781.365661621 921.188964844 904.739196777 868.549621582
eeg 809.330322266 815.91027832 799.460449219 921.188964844
eeg 824.135131836 815.91027832 799.460449219 921.188964844
eeg 801.105407715 815.91027832 799.460449219 815.91027832
eeg 825.780151367 868.549621582 852.09979248 763.270874023
eeg 835.650024414 921.188964844 931.058898926 815.91027832
eeg 829.070068359 815.91027832 832.360046387 835.650024414
eeg 810.975280762 789.590576172 799.460449219 855.389770508
eeg 807.68536377 815.91027832 819.200195312 934.348815918
eeg 830.715087891 815.91027832 783.010620117 802.750427246
eeg 820.845214844 868.549621582 865.259643555 783.010620117
eeg 815.91027832 921.188964844 921.188964844 848.809875488
eeg 820.845214844 789.590576172 789.590576172 888.289367676
eeg 829.070068359 789.590576172 779.720703125 921.188964844
eeg 794.525512695 789.590576172 779.720703125 815.91027832
eeg 804.395385742 842.229919434 865.259643555 756.690979004
eeg 807.68536377 894.86932373 934.348815918 835.650024414
eeg 806.040344238 789.590576172 829.070068359 861.969726562
eeg 801.105407715 763.270874023 792.880554199 861.969726562
eeg 797.815490723 815.91027832 829.070068359 927.768920898
eeg 829.070068359 815.91027832 799.460449219 802.750427246
eeg 830.715087891 842.229919434 855.389770508 769.850830078
a nan nan nan nan
b nan nan nan nan
d nan nan nan nan
g nan nan nan nan
t nan nan nan nan
h 4.0 4.0 4.0 4.0
c 0.0
Aa 0.0 0.0 0.0 0.0
Ab 0.0 0.0 0.0 0.0
Ad 0.0 0.0 0.0 0.0
Ag 0.0 0.0 0.0 0.0
At 0.0 0.0 0.0 0.0
as 0.0 0.0 0.0 0.0
bs 0.0 0.0 0.0 0.0
ds 0.0 0.0 0.0 0.0
gs 0.0 0.0 0.0 0.0
ts 0.0 0.0 0.0 0.0
eeg 837.29498291 947.508666992 908.029174805 848.809875488
eeg 838.940002441 842.229919434 750.111022949 848.809875488
eeg 855.389770508 842.229919434 750.111022949 875.129516602
eeg 834.005004883 868.549621582 750.111022949 796.170471191
eeg 847.164855957 921.188964844 829.070068359 743.53112793
eeg 840.584960938 947.508666992 881.709472656 822.49017334
eeg 842.229919434 842.229919434 750.111022949 848.809875488
eeg 829.070068359 815.91027832 750.111022949 848.809875488
eeg 830.715087891 868.549621582 802.750427246 901.44921875
eeg 837.29498291 868.549621582 802.750427246 796.170471191
eeg 834.005004883 868.549621582 829.070068359 769.850830078
eeg 827.425109863 947.508666992 908.029174805 875.129516602
eeg 820.845214844 789.590576172 776.430725098 875.129516602
eeg 842.229919434 789.590576172 776.430725098 875.129516602
eeg 822.49017334 842.229919434 802.750427246 796.170471191
eeg 825.780151367 868.549621582 855.389770508 743.53112793
eeg 830.715087891 921.188964844 960.668518066 848.809875488
eeg 806.040344238 868.549621582 960.668518066 901.44921875
eeg 801.105407715 868.549621582 908.029174805 875.129516602
eeg 797.815490723 973.828369141 960.668518066 901.44921875
eeg 819.200195312 973.828369141 960.668518066 822.49017334
eeg 810.975280762 973.828369141 960.668518066 796.170471191
a nan nan nan nan
b nan nan nan nan
d nan nan nan nan
g nan nan nan nan
t nan nan nan nan
h 4.0 4.0 4.0 4.0
c 0.0
Aa 0.0 0.0 0.0 0.0
Ab 0.0 0.0 0.0 0.0
Ad 0.0 0.0 0.0 0.0
Ag 0.0 0.0 0.0 0.0
At 0.0 0.0 0.0 0.0
as 0.0 0.0 0.0 0.0
bs 0.0 0.0 0.0 0.0
ds 0.0 0.0 0.0 0.0
gs 0.0 0.0 0.0 0.0
ts 0.0 0.0 0.0 0.0
eeg 802.750427246 1026.46777344 1013.30786133 901.44921875
eeg 809.330322266 921.188964844 855.389770508 901.44921875
eeg 830.715087891 921.188964844 855.389770508 901.44921875
eeg 809.330322266 973.828369141 908.029174805 822.49017334
eeg 784.655639648 973.828369141 960.668518066 769.850830078
eeg 801.105407715 973.828369141 960.668518066 848.809875488
eeg 797.815490723 868.549621582 855.389770508 875.129516602
eeg 769.850830078 815.91027832 802.750427246 848.809875488
eeg 773.14074707 868.549621582 855.389770508 875.129516602
eeg 784.655639648 868.549621582 855.389770508 796.170471191
eeg 783.010620117 852.09979248 908.029174805 769.850830078
eeg 784.655639648 924.478942871 1013.30786133 875.129516602
eeg 783.010620117 802.750427246 908.029174805 875.129516602
eeg 791.235534668 769.850830078 908.029174805 875.129516602
eeg 773.14074707 878.419494629 960.668518066 796.170471191
eeg 807.68536377 901.44921875 960.668518066 743.53112793
eeg 802.750427246 917.899047852 960.668518066 822.49017334
eeg 809.330322266 812.620300293 855.389770508 875.129516602
eeg 794.525512695 750.111022949 802.750427246 848.809875488
eeg 799.460449219 848.809875488 855.389770508 848.809875488
eeg 820.845214844 881.709472656 855.389770508 796.170471191
eeg 801.105407715 865.259643555 855.389770508 743.53112793
a nan nan nan nan
b nan nan nan nan
d nan nan nan nan
g nan nan nan nan
t nan nan nan nan
h 4.0 4.0 4.0 4.0
c 0.0
Aa 0.0 0.0 0.0 0.0
Ab 0.0 0.0 0.0 0.0
Ad 0.0 0.0 0.0 0.0
Ag 0.0 0.0 0.0 0.0
At 0.0 0.0 0.0 0.0
as 0.0 0.0 0.0 0.0
bs 0.0 0.0 0.0 0.0
ds 0.0 0.0 0.0 0.0
gs 0.0 0.0 0.0 0.0
ts 0.0 0.0 0.0 0.0
eeg 787.945556641 901.44921875 908.029174805 875.129516602
eeg 797.815490723 796.170471191 802.750427246 875.129516602
eeg 809.330322266 759.980895996 802.750427246 875.129516602
eeg 764.91583252 878.419494629 855.389770508 796.170471191
eeg 779.720703125 852.09979248 855.389770508 743.53112793
eeg 794.525512695 825.780151367 855.389770508 796.170471191
eeg 787.945556641 746.821105957 776.430725098 848.809875488
eeg 783.010620117 694.18170166 723.791320801 796.170471191
eeg 774.785766602 799.460449219 802.750427246 796.170471191
eeg 794.525512695 825.780151367 829.070068359 796.170471191
eeg 774.785766602 799.460449219 829.070068359 743.53112793
eeg 769.850830078 825.780151367 881.709472656 848.809875488
eeg 774.785766602 773.14074707 776.430725098 848.809875488
eeg 796.170471191 720.501403809 750.111022949 848.809875488
eeg 794.525512695 852.09979248 855.389770508 796.170471191
eeg 802.750427246 852.09979248 881.709472656 796.170471191
eeg 797.815490723 852.09979248 881.709472656 848.809875488
eeg 815.91027832 773.14074707 776.430725098 901.44921875
eeg 819.200195312 746.821105957 750.111022949 848.809875488
eeg 824.135131836 852.09979248 855.389770508 848.809875488
eeg 840.584960938 852.09979248 855.389770508 796.170471191
eeg 838.940002441 799.460449219 855.389770508 743.53112793
a nan nan nan nan
b nan nan nan nan
d nan nan nan nan
g nan nan nan nan
t nan nan nan nan
h 4.0 4.0 4.0 4.0
c 0.0
Aa 0.0 0.0 0.0 0.0
Ab 0.0 0.0 0.0 0.0
Ad 0.0 0.0 0.0 0.0
Ag 0.0 0.0 0.0 0.0
At 0.0 0.0 0.0 0.0
as 0.0 0.0 0.0 0.0
bs 0.0 0.0 0.0 0.0
ds 0.0 0.0 0.0 0.0
gs 0.0 0.0 0.0 0.0
ts 0.0 0.0 0.0 0.0
eeg 827.425109863 799.460449219 855.389770508 848.809875488
eeg 834.005004883 746.821105957 802.750427246 848.809875488
eeg 845.519897461 694.18170166 750.111022949 796.170471191
eeg 819.200195312 825.780151367 855.389770508 796.170471191
eeg 824.135131836 852.09979248 855.389770508 796.170471191
eeg 820.845214844 825.780151367 855.389770508 848.809875488
eeg 817.555236816 773.14074707 802.750427246 901.44921875
eeg 802.750427246 720.501403809 750.111022949 848.809875488
eeg 820.845214844 825.780151367 802.750427246 848.809875488
eeg 814.265258789 878.419494629 855.389770508 848.809875488
eeg 797.815490723 825.780151367 855.389770508 796.170471191
eeg 787.945556641 825.780151367 855.389770508 901.44921875
eeg 794.525512695 799.460449219 802.750427246 901.44921875
eeg 817.555236816 746.821105957 750.111022949 848.809875488
eeg 797.815490723 852.09979248 855.389770508 796.170471191
eeg 797.815490723 852.09979248 855.389770508 743.53112793
eeg 822.49017334 825.780151367 855.389770508 796.170471191
eeg 824.135131836 773.14074707 802.750427246 848.809875488
eeg 812.620300293 746.821105957 750.111022949 796.170471191
eeg 842.229919434 825.780151367 829.070068359 796.170471191
eeg 847.164855957 878.419494629 881.709472656 796.170471191
eeg 824.135131836 825.780151367 855.389770508 743.53112793
a nan nan nan nan
b nan nan nan nan
d nan nan nan nan
g nan nan nan nan
t nan nan nan nan
h 4.0 4.0 4.0 4.0
c 0.0
Aa 0.0 0.0 0.0 0.0
Ab 0.0 0.0 0.0 0.0
Ad 0.0 0.0 0.0 0.0
Ag 0.0 0.0 0.0 0.0
At 0.0 0.0 0.0 0.0
as 0.0 0.0 0.0 0.0
bs 0.0 0.0 0.0 0.0
ds 0.0 0.0 0.0 0.0
gs 0.0 0.0 0.0 0.0
ts 0.0 0.0 0.0 0.0
eeg 829.070068359 825.780151367 855.389770508 848.809875488
eeg 830.715087891 799.460449219 802.750427246 848.809875488
eeg 827.425109863 746.821105957 750.111022949 796.170471191
eeg 819.200195312 878.419494629 881.709472656 796.170471191
eeg 814.265258789 878.419494629 881.709472656 796.170471191
eeg 840.584960938 825.780151367 855.389770508 848.809875488
eeg 858.679748535 773.14074707 776.430725098 901.44921875
eeg 824.135131836 746.821105957 750.111022949 848.809875488
eeg 853.744812012 848.809875488 855.389770508 802.750427246
eeg 853.744812012 875.129516602 855.389770508 776.430725098
eeg 837.29498291 796.170471191 750.111022949 750.111022949
eeg 830.715087891 796.170471191 750.111022949 829.070068359
eeg 852.09979248 796.170471191 750.111022949 855.389770508
eeg 860.324707031 743.53112793 697.471679688 750.111022949
eeg 834.005004883 875.129516602 802.750427246 750.111022949
eeg 866.904663086 875.129516602 802.750427246 750.111022949
eeg 860.324707031 822.49017334 802.750427246 829.070068359
eeg 858.679748535 796.170471191 750.111022949 881.709472656
eeg 845.519897461 769.850830078 750.111022949 802.750427246
eeg 860.324707031 848.809875488 802.750427246 776.430725098
eeg 857.034729004 901.44921875 855.389770508 802.750427246
eeg 843.874938965 822.49017334 802.750427246 776.430725098
a nan nan nan nan
b nan nan nan nan
d nan nan nan nan
g nan nan nan nan
t nan nan nan nan
h 4.0 4.0 4.0 4.0
c 0.0
Aa 0.0 0.0 0.0 0.0
Ab 0.0 0.0 0.0 0.0
Ad 0.0 0.0 0.0 0.0
Ag 0.0 0.0 0.0 0.0
At 0.0 0.0 0.0 0.0
as 0.0 0.0 0.0 0.0
bs 0.0 0.0 0.0 0.0
ds 0.0 0.0 0.0 0.0
gs 0.0 0.0 0.0 0.0
ts 0.0 0.0 0.0 0.0
eeg 838.940002441 796.170471191 802.750427246 855.389770508
eeg 832.360046387 796.170471191 802.750427246 908.029174805
eeg 838.940002441 769.850830078 750.111022949 802.750427246
eeg 827.425109863 881.709472656 855.389770508 802.750427246
eeg 853.744812012 888.289367676 829.070068359 802.750427246
eeg 889.934387207 809.330322266 776.430725098 881.709472656
eeg 881.709472656 796.170471191 750.111022949 934.348815918
eeg 845.519897461 763.270874023 723.791320801 855.389770508
eeg 893.224304199 842.229919434 776.430725098 829.070068359
eeg 912.964111328 921.188964844 855.389770508 855.389770508
eeg 873.484558105 848.809875488 802.750427246 855.389770508
eeg 853.744812012 809.330322266 776.430725098 908.029174805
eeg 881.709472656 809.330322266 776.430725098 960.668518066
eeg 898.159240723 769.850830078 723.791320801 829.070068359
eeg 848.809875488 894.86932373 855.389770508 829.070068359
eeg 873.484558105 894.86932373 855.389770508 829.070068359
eeg 893.224304199 809.330322266 802.750427246 881.709472656
eeg 876.774536133 796.170471191 776.430725098 934.348815918
eeg 840.584960938 769.850830078 750.111022949 829.070068359
eeg 860.324707031 845.519897461 829.070068359 829.070068359
eeg 880.064453125 924.478942871 908.029174805 908.029174805
eeg 845.519897461 835.650024414 855.389770508 908.029174805
a nan nan nan nan
b nan nan nan nan
d nan nan nan nan
g nan nan nan nan
t nan nan nan nan
h 4.0 4.0 4.0 4.0
c 0.0
Aa 0.0 0.0 0.0 0.0
Ab 0.0 0.0 0.0 0.0
Ad 0.0 0.0 0.0 0.0
Ag 0.0 0.0 0.0 0.0
At 0.0 0.0 0.0 0.0
as 0.0 0.0 0.0 0.0
bs 0.0 0.0 0.0 0.0
ds 0.0 0.0 0.0 0.0
gs 0.0 0.0 0.0 0.0
ts 0.0 0.0 0.0 0.0
eeg 830.715087891 799.460449219 829.070068359 934.348815918
eeg 873.484558105 799.460449219 802.750427246 986.988220215
eeg 850.454833984 766.560852051 776.430725098 855.389770508
eeg 779.720703125 894.86932373 908.029174805 855.389770508
eeg 810.975280762 891.579345703 908.029174805 881.709472656
eeg 832.360046387 796.170471191 855.389770508 934.348815918
eeg 789.590576172 783.010620117 829.070068359 986.988220215
eeg 773.14074707 766.560852051 802.750427246 881.709472656
eeg 773.14074707 855.389770508 881.709472656 855.389770508
eeg 783.010620117 931.058898926 934.348815918 881.709472656
eeg 781.365661621 829.070068359 855.389770508 881.709472656
eeg 764.91583252 799.460449219 829.070068359 881.709472656
eeg 792.880554199 815.91027832 829.070068359 934.348815918
eeg 792.880554199 789.590576172 750.111022949 829.070068359
eeg 761.625915527 888.289367676 829.070068359 855.389770508
eeg 796.170471191 914.609069824 829.070068359 934.348815918
eeg 797.815490723 796.170471191 750.111022949 986.988220215
eeg 794.525512695 783.010620117 723.791320801 1013.30786133
eeg 784.655639648 783.010620117 723.791320801 908.029174805
eeg 797.815490723 881.709472656 829.070068359 855.389770508
eeg 810.975280762 940.928771973 881.709472656 908.029174805
eeg 815.91027832 835.650024414 802.750427246 908.029174805
a nan nan nan nan
b nan nan nan nan
d nan nan nan nan
g nan nan nan nan
t nan nan nan nan
h 4.0 4.0 4.0 4.0
c 0.0
Aa 0.0 0.0 0.0 0.0
Ab 0.0 0.0 0.0 0.0
Ad 0.0 0.0 0.0 0.0
Ag 0.0 0.0 0.0 0.0
At 0.0 0.0 0.0 0.0
as 0.0 0.0 0.0 0.0
bs 0.0 0.0 0.0 0.0
ds 0.0 0.0 0.0 0.0
gs 0.0 0.0 0.0 0.0
ts 0.0 0.0 0.0 0.0
eeg 797.815490723 796.170471191 776.430725098 908.029174805
eeg 819.200195312 809.330322266 776.430725098 960.668518066
eeg 825.780151367 802.750427246 750.111022949 829.070068359
eeg 794.525512695 868.549621582 829.070068359 829.070068359
eeg 801.105407715 934.348815918 881.709472656 881.709472656
eeg 783.010620117 802.750427246 776.430725098 908.029174805
eeg 796.170471191 776.430725098 776.430725098 934.348815918
eeg 791.235534668 776.430725098 750.111022949 881.709472656
eeg 794.525512695 829.070068359 829.070068359 881.709472656
eeg 819.200195312 881.709472656 881.709472656 934.348815918
eeg 812.620300293 829.070068359 776.430725098 934.348815918
eeg 806.040344238 829.070068359 750.111022949 934.348815918
eeg 819.200195312 829.070068359 750.111022949 986.988220215
eeg 822.49017334 829.070068359 750.111022949 881.709472656
eeg 814.265258789 881.709472656 829.070068359 881.709472656
eeg 824.135131836 934.348815918 855.389770508 934.348815918
eeg 847.164855957 829.070068359 750.111022949 934.348815918
eeg 845.519897461 829.070068359 750.111022949 934.348815918
eeg 814.265258789 829.070068359 750.111022949 881.709472656
eeg 838.940002441 881.709472656 829.070068359 829.070068359
eeg 853.744812012 934.348815918 881.709472656 881.709472656
eeg 834.005004883 829.070068359 802.750427246 881.709472656
a nan nan nan nan
b nan nan nan nan
d nan nan nan nan
g nan nan nan nan
t nan nan nan nan
h 4.0 4.0 4.0 4.0
c 0.0
Aa 0.0 0.0 0.0 0.0
Ab 0.0 0.0 0.0 0.0
Ad 0.0 0.0 0.0 0.0
Ag 0.0 0.0 0.0 0.0
At 0.0 0.0 0.0 0.0
as 0.0 0.0 0.0 0.0
bs 0.0 0.0 0.0 0.0
ds 0.0 0.0 0.0 0.0
gs 0.0 0.0 0.0 0.0
ts 0.0 0.0 0.0 0.0
eeg 830.715087891 776.430725098 776.430725098 881.709472656
eeg 845.519897461 829.070068359 829.070068359 934.348815918
eeg 853.744812012 855.389770508 829.070068359 829.070068359
eeg 840.584960938 908.029174805 908.029174805 802.750427246
eeg 817.555236816 986.988220215 986.988220215 908.029174805
eeg 812.620300293 855.389770508 855.389770508 908.029174805
eeg 838.940002441 829.070068359 855.389770508 908.029174805
eeg 815.91027832 855.389770508 855.389770508 829.070068359
eeg 804.395385742 934.348815918 934.348815918 776.430725098
eeg 812.620300293 960.668518066 960.668518066 855.389770508
eeg 799.460449219 855.389770508 855.389770508 881.709472656
eeg 787.945556641 802.750427246 829.070068359 855.389770508
eeg 784.655639648 855.389770508 855.389770508 881.709472656
eeg 804.395385742 855.389770508 855.389770508 802.750427246
eeg 797.815490723 855.389770508 881.709472656 776.430725098
eeg 787.945556641 934.348815918 934.348815918 881.709472656
eeg 806.040344238 802.750427246 802.750427246 881.709472656
eeg 806.040344238 829.070068359 829.070068359 934.348815918
eeg 779.720703125 881.709472656 855.389770508 881.709472656
eeg 791.235534668 934.348815918 908.029174805 829.070068359
eeg 820.845214844 960.668518066 960.668518066 881.709472656
eeg 806.040344238 881.709472656 881.709472656 881.709472656
a nan nan nan nan
b nan nan nan nan
d nan nan nan nan
g nan nan nan nan
t nan nan nan nan
h 4.0 4.0 4.0 4.0
c 0.0
Aa 0.0 0.0 0.0 0.0
Ab 0.0 0.0 0.0 0.0
Ad 0.0 0.0 0.0 0.0
Ag 0.0 0.0 0.0 0.0
At 0.0 0.0 0.0 0.0
as 0.0 0.0 0.0 0.0
bs 0.0 0.0 0.0 0.0
ds 0.0 0.0 0.0 0.0
gs 0.0 0.0 0.0 0.0
ts 0.0 0.0 0.0 0.0
eeg 779.720703125 829.070068359 829.070068359 881.709472656
eeg 822.49017334 881.709472656 855.389770508 881.709472656
eeg 825.780151367 881.709472656 855.389770508 829.070068359
eeg 812.620300293 881.709472656 881.709472656 776.430725098
eeg 819.200195312 934.348815918 934.348815918 881.709472656
eeg 837.29498291 802.750427246 802.750427246 881.709472656
eeg 852.09979248 802.750427246 802.750427246 881.709472656
eeg 835.650024414 855.389770508 829.070068359 829.070068359
eeg 848.809875488 881.709472656 881.709472656 776.430725098
eeg 852.09979248 908.029174805 908.029174805 829.070068359
eeg 847.164855957 829.070068359 829.070068359 881.709472656
eeg 835.650024414 776.430725098 829.070068359 829.070068359
eeg 835.650024414 855.389770508 934.348815918 829.070068359
eeg 838.940002441 881.709472656 934.348815918 776.430725098
eeg 827.425109863 881.709472656 934.348815918 723.791320801
eeg 817.555236816 934.348815918 986.988220215 829.070068359
eeg 820.845214844 829.070068359 881.709472656 829.070068359
eeg 830.715087891 802.750427246 881.709472656 829.070068359
eeg 806.040344238 881.709472656 934.348815918 776.430725098
eeg 809.330322266 908.029174805 934.348815918 776.430725098
eeg 815.91027832 908.029174805 934.348815918 829.070068359
eeg 804.395385742 829.070068359 881.709472656 881.709472656
a nan nan nan nan
b nan nan nan nan
d nan nan nan nan
g nan nan nan nan
t nan nan nan nan
h 4.0 4.0 4.0 4.0
c 0.0
Aa 0.0 0.0 0.0 0.0
Ab 0.0 0.0 0.0 0.0
Ad 0.0 0.0 0.0 0.0
Ag 0.0 0.0 0.0 0.0
At 0.0 0.0 0.0 0.0
as 0.0 0.0 0.0 0.0
bs 0.0 0.0 0.0 0.0
ds 0.0 0.0 0.0 0.0
gs 0.0 0.0 0.0 0.0
ts 0.0 0.0 0.0 0.0
eeg 787.945556641 776.430725098 829.070068359 829.070068359
eeg 812.620300293 855.389770508 881.709472656 829.070068359
eeg 824.135131836 881.709472656 881.709472656 829.070068359
eeg 809.330322266 881.709472656 881.709472656 776.430725098
eeg 809.330322266 908.029174805 934.348815918 881.709472656
eeg 804.395385742 799.460449219 799.460449219 898.159240723
eeg 812.620300293 766.560852051 799.460449219 845.519897461
eeg 806.040344238 878.419494629 852.09979248 740.241149902
eeg 807.68536377 904.739196777 852.09979248 740.241149902
eeg 819.200195312 911.319091797 852.09979248 792.880554199
eeg 819.200195312 819.200195312 799.460449219 845.519897461
eeg 802.750427246 753.401000977 746.821105957 792.880554199
eeg 809.330322266 858.679748535 799.460449219 792.880554199
eeg 807.68536377 891.579345703 799.460449219 792.880554199
eeg 796.170471191 871.839599609 799.460449219 740.241149902
eeg 789.590576172 891.579345703 852.09979248 845.519897461
eeg 799.460449219 819.200195312 799.460449219 845.519897461
eeg 819.200195312 746.821105957 746.821105957 792.880554199
eeg 804.395385742 878.419494629 852.09979248 792.880554199
eeg 781.365661621 898.159240723 852.09979248 792.880554199
eeg 784.655639648 891.579345703 852.09979248 845.519897461
eeg 792.880554199 812.620300293 799.460449219 898.159240723
a nan nan nan nan
b nan nan nan nan
d nan nan nan nan
g nan nan nan nan
t nan nan nan nan
h 4.0 4.0 4.0 4.0
c 0.0
Aa 0.0 0.0 0.0 0.0
Ab 0.0 0.0 0.0 0.0
Ad 0.0 0.0 0.0 0.0
Ag 0.0 0.0 0.0 0.0
At 0.0 0.0 0.0 0.0
as 0.0 0.0 0.0 0.0
bs 0.0 0.0 0.0 0.0
ds 0.0 0.0 0.0 0.0
gs 0.0 0.0 0.0 0.0
ts 0.0 0.0 0.0 0.0
eeg 764.91583252 733.661254883 727.081298828 792.880554199
eeg 778.075683594 812.620300293 829.070068359 792.880554199
eeg 789.590576172 838.940002441 868.549621582 792.880554199
eeg 771.495788574 812.620300293 858.679748535 740.241149902
eeg 761.625915527 812.620300293 888.289367676 845.519897461
eeg 781.365661621 759.980895996 796.170471191 871.839599609
eeg 809.330322266 707.341552734 750.111022949 792.880554199
eeg 786.300598145 838.940002441 871.839599609 766.560852051
eeg 789.590576172 865.259643555 891.579345703 766.560852051
eeg 810.975280762 865.259643555 898.159240723 845.519897461
eeg 815.91027832 812.620300293 815.91027832 898.159240723
eeg 792.880554199 759.980895996 746.821105957 819.200195312
eeg 815.91027832 865.259643555 855.389770508 819.200195312
eeg 842.229919434 891.579345703 891.579345703 819.200195312
eeg 812.620300293 865.259643555 855.389770508 766.560852051
eeg 797.815490723 865.259643555 881.709472656 871.839599609
eeg 820.845214844 812.620300293 829.070068359 904.739196777
eeg 834.005004883 759.980895996 776.430725098 812.620300293
eeg 817.555236816 891.579345703 881.709472656 792.880554199
eeg 845.519897461 891.579345703 881.709472656 773.14074707
eeg 858.679748535 865.259643555 881.709472656 865.259643555
eeg 843.874938965 812.620300293 829.070068359 931.058898926
a nan nan nan nan
b nan nan nan nan
d nan nan nan nan
g nan nan nan nan
t nan nan nan nan
h 4.0 4.0 4.0 4.0
c 0.0
Aa 0.0 0.0 0.0 0.0
Ab 0.0 0.0 0.0 0.0
Ad 0.0 0.0 0.0 0.0
Ag 0.0 0.0 0.0 0.0
At 0.0 0.0 0.0 0.0
as 0.0 0.0 0.0 0.0
bs 0.0 0.0 0.0 0.0
ds 0.0 0.0 0.0 0.0
gs 0.0 0.0 0.0 0.0
ts 0.0 0.0 0.0 0.0
eeg 807.68536377 759.980895996 776.430725098 832.360046387
eeg 827.425109863 838.940002441 829.070068359 806.040344238
eeg 842.229919434 891.579345703 881.709472656 819.200195312
eeg 820.845214844 865.259643555 881.709472656 779.720703125
eeg 822.49017334 865.259643555 881.709472656 865.259643555
eeg 835.650024414 838.940002441 829.070068359 917.899047852
eeg 842.229919434 759.980895996 776.430725098 792.880554199
eeg 832.360046387 891.579345703 881.709472656 786.300598145
eeg 827.425109863 891.579345703 881.709472656 779.720703125
eeg 824.135131836 865.259643555 881.709472656 865.259643555
eeg 845.519897461 812.620300293 776.430725098 917.899047852
eeg 822.49017334 812.620300293 723.791320801 812.620300293
eeg 807.68536377 865.259643555 829.070068359 786.300598145
eeg 817.555236816 917.899047852 881.709472656 786.300598145
eeg 807.68536377 865.259643555 855.389770508 786.300598145
eeg 806.040344238 865.259643555 855.389770508 838.940002441
eeg 817.555236816 865.259643555 829.070068359 891.579345703
eeg 842.229919434 812.620300293 750.111022949 786.300598145
eeg 822.49017334 917.899047852 881.709472656 786.300598145
eeg 809.330322266 917.899047852 881.709472656 786.300598145
eeg 825.780151367 865.259643555 855.389770508 865.259643555
eeg 824.135131836 812.620300293 802.750427246 917.899047852
a nan nan nan nan
b nan nan nan nan
d nan nan nan nan
g nan nan nan nan
t nan nan nan nan
h 4.0 4.0 4.0 4.0
c 0.0
Aa 0.0 0.0 0.0 0.0
Ab 0.0 0.0 0.0 0.0
Ad 0.0 0.0 0.0 0.0
Ag 0.0 0.0 0.0 0.0
At 0.0 0.0 0.0 0.0
as 0.0 0.0 0.0 0.0
bs 0.0 0.0 0.0 0.0
ds 0.0 0.0 0.0 0.0
gs 0.0 0.0 0.0 0.0
ts 0.0 0.0 0.0 0.0
eeg 812.620300293 812.620300293 776.430725098 812.620300293
eeg 819.200195312 865.259643555 855.389770508 786.300598145
eeg 824.135131836 917.899047852 908.029174805 812.620300293
eeg 809.330322266 865.259643555 855.389770508 812.620300293
eeg 810.975280762 838.940002441 802.750427246 891.579345703
eeg 824.135131836 838.940002441 802.750427246 970.538391113
eeg 829.070068359 786.300598145 750.111022949 838.940002441
eeg 807.68536377 891.579345703 855.389770508 838.940002441
eeg 794.525512695 917.899047852 855.389770508 838.940002441
eeg 792.880554199 838.940002441 802.750427246 891.579345703
eeg 815.91027832 812.620300293 750.111022949 944.218688965
eeg 810.975280762 812.620300293 750.111022949 838.940002441
eeg 815.91027832 891.579345703 855.389770508 812.620300293
eeg 829.070068359 944.218688965 908.029174805 838.940002441
eeg 825.780151367 865.259643555 855.389770508 838.940002441
eeg 817.555236816 838.940002441 855.389770508 865.259643555
eeg 829.070068359 838.940002441 855.389770508 917.899047852
eeg 832.360046387 786.300598145 802.750427246 786.300598145
eeg 809.330322266 891.579345703 908.029174805 786.300598145
eeg 817.555236816 917.899047852 908.029174805 812.620300293
eeg 837.29498291 812.620300293 802.750427246 917.899047852
eeg 852.09979248 812.620300293 750.111022949 970.538391113
a nan nan nan nan
b nan nan nan nan
d nan nan nan nan
g nan nan nan nan
t nan nan nan nan
h 4.0 4.0 4.0 4.0
c 0.0
Aa 0.0 0.0 0.0 0.0
Ab 0.0 0.0 0.0 0.0
Ad 0.0 0.0 0.0 0.0
Ag 0.0 0.0 0.0 0.0
At 0.0 0.0 0.0 0.0
as 0.0 0.0 0.0 0.0
bs 0.0 0.0 0.0 0.0
ds 0.0 0.0 0.0 0.0
gs 0.0 0.0 0.0 0.0
ts 0.0 0.0 0.0 0.0
eeg 815.91027832 812.620300293 750.111022949 865.259643555
eeg 838.940002441 865.259643555 802.750427246 812.620300293
eeg 840.584960938 917.899047852 855.389770508 865.259643555
eeg 837.29498291 812.620300293 802.750427246 865.259643555
eeg 832.360046387 812.620300293 802.750427246 865.259643555
eeg 835.650024414 812.620300293 802.750427246 917.899047852
eeg 860.324707031 812.620300293 750.111022949 812.620300293
eeg 840.584960938 865.259643555 855.389770508 812.620300293
eeg 812.620300293 917.899047852 908.029174805 865.259643555
eeg 797.815490723 812.620300293 802.750427246 865.259643555
eeg 827.425109863 812.620300293 802.750427246 865.259643555
eeg 842.229919434 812.620300293 802.750427246 812.620300293
eeg 829.070068359 865.259643555 908.029174805 759.980895996
eeg 837.29498291 917.899047852 960.668518066 812.620300293
eeg 848.809875488 812.620300293 829.070068359 825.780151367
eeg 838.940002441 812.620300293 815.91027832 852.09979248
eeg 829.070068359 865.259643555 835.650024414 924.478942871
eeg 842.229919434 838.940002441 796.170471191 792.880554199
eeg 834.005004883 891.579345703 861.969726562 773.14074707
eeg 827.425109863 944.218688965 921.188964844 845.519897461
eeg 832.360046387 812.620300293 783.010620117 884.999450684
eeg 840.584960938 812.620300293 763.270874023 917.899047852
a nan nan nan nan
b nan nan nan nan
d nan nan nan nan
g nan nan nan nan
t nan nan nan nan
h 4.0 4.0 4.0 4.0
c 0.0
Aa 0.0 0.0 0.0 0.0
Ab 0.0 0.0 0.0 0.0
Ad 0.0 0.0 0.0 0.0
Ag 0.0 0.0 0.0 0.0
At 0.0 0.0 0.0 0.0
as 0.0 0.0 0.0 0.0
bs 0.0 0.0 0.0 0.0
ds 0.0 0.0 0.0 0.0
gs 0.0 0.0 0.0 0.0
ts 0.0 0.0 0.0 0.0
eeg 820.845214844 838.940002441 776.430725098 819.200195312
eeg 827.425109863 891.579345703 855.389770508 759.980895996
eeg 840.584960938 944.218688965 927.768920898 838.940002441
eeg 840.584960938 838.940002441 815.91027832 858.679748535
eeg 819.200195312 812.620300293 783.010620117 858.679748535
eeg 799.460449219 838.940002441 822.49017334 924.478942871
eeg 812.620300293 838.940002441 809.330322266 799.460449219
eeg 804.395385742 865.259643555 875.129516602 766.560852051
eeg 814.265258789 970.538391113 954.088623047 845.519897461
eeg 825.780151367 838.940002441 822.49017334 845.519897461
eeg 825.780151367 838.940002441 822.49017334 871.839599609
eeg 810.975280762 865.259643555 822.49017334 792.880554199
eeg 814.265258789 917.899047852 875.129516602 740.241149902
eeg 814.265258789 944.218688965 927.768920898 819.200195312
eeg 822.49017334 838.940002441 822.49017334 845.519897461
eeg 817.555236816 812.620300293 796.170471191 845.519897461
eeg 822.49017334 865.259643555 822.49017334 898.159240723
eeg 832.360046387 865.259643555 822.49017334 792.880554199
eeg 810.975280762 865.259643555 848.809875488 766.560852051
eeg 807.68536377 944.218688965 927.768920898 871.839599609
eeg 807.68536377 786.300598145 796.170471191 871.839599609
eeg 832.360046387 786.300598145 796.170471191 871.839599609
a nan nan nan nan
b nan nan nan nan
d nan nan nan nan
g nan nan nan nan
t nan nan nan nan
h 4.0 4.0 4.0 4.0
c 0.0
Aa 0.0 0.0 0.0 0.0
Ab 0.0 0.0 0.0 0.0
Ad 0.0 0.0 0.0 0.0
Ag 0.0 0.0 0.0 0.0
At 0.0 0.0 0.0 0.0
as 0.0 0.0 0.0 0.0
bs 0.0 0.0 0.0 0.0
ds 0.0 0.0 0.0 0.0
gs 0.0 0.0 0.0 0.0
ts 0.0 0.0 0.0 0.0
eeg 801.105407715 838.940002441 822.49017334 792.880554199
eeg 799.460449219 891.579345703 875.129516602 740.241149902
eeg 797.815490723 927.768920898 931.058898926 847.164855957
eeg 802.750427246 875.129516602 852.09979248 886.64440918
eeg 786.300598145 875.129516602 852.09979248 860.324707031
eeg 789.590576172 927.768920898 904.739196777 893.224304199
eeg 809.330322266 927.768920898 904.739196777 801.105407715
eeg 794.525512695 927.768920898 904.739196777 761.625915527
eeg 799.460449219 980.40826416 983.698242188 880.064453125
eeg 807.68536377 875.129516602 852.09979248 886.64440918
eeg 827.425109863 875.129516602 852.09979248 893.224304199
eeg 802.750427246 927.768920898 904.739196777 807.68536377
eeg 807.68536377 927.768920898 957.378540039 748.466064453
eeg 825.780151367 927.768920898 983.698242188 847.164855957
eeg 814.265258789 875.129516602 878.419494629 886.64440918
eeg 786.300598145 822.49017334 825.780151367 847.164855957
eeg 812.620300293 875.129516602 878.419494629 873.484558105
eeg 819.200195312 875.129516602 878.419494629 801.105407715
eeg 809.330322266 875.129516602 878.419494629 748.466064453
eeg 812.620300293 980.40826416 983.698242188 853.744812012
eeg 810.975280762 875.129516602 878.419494629 853.744812012
eeg 848.809875488 875.129516602 878.419494629 853.744812012
a nan nan nan nan
b nan nan nan nan
d nan nan nan nan
g nan nan nan nan
t nan nan nan nan
h 4.0 4.0 4.0 4.0
c 0.0
Aa 0.0 0.0 0.0 0.0
Ab 0.0 0.0 0.0 0.0
Ad 0.0 0.0 0.0 0.0
Ag 0.0 0.0 0.0 0.0
At 0.0 0.0 0.0 0.0
as 0.0 0.0 0.0 0.0
bs 0.0 0.0 0.0 0.0
ds 0.0 0.0 0.0 0.0
gs 0.0 0.0 0.0 0.0
ts 0.0 0.0 0.0 0.0
eeg 835.650024414 927.768920898 931.058898926 774.785766602
eeg 829.070068359 927.768920898 931.058898926 722.146362305
eeg 852.09979248 927.768920898 931.058898926 801.105407715
eeg 850.454833984 875.129516602 825.780151367 827.425109863
eeg 843.874938965 822.49017334 773.14074707 801.105407715
eeg 850.454833984 875.129516602 825.780151367 801.105407715
eeg 857.034729004 875.129516602 825.780151367 748.466064453
eeg 843.874938965 875.129516602 825.780151367 695.826660156
eeg 840.584960938 875.129516602 878.419494629 827.425109863
eeg 847.164855957 822.49017334 773.14074707 827.425109863
eeg 853.744812012 769.850830078 773.14074707 827.425109863
eeg 817.555236816 875.129516602 878.419494629 774.785766602
eeg 824.135131836 875.129516602 878.419494629 748.466064453
eeg 830.715087891 875.129516602 904.739196777 748.466064453
eeg 824.135131836 822.49017334 825.780151367 801.105407715
eeg 814.265258789 769.850830078 773.14074707 748.466064453
eeg 830.715087891 822.49017334 852.09979248 748.466064453
eeg 843.874938965 822.49017334 878.419494629 748.466064453
eeg 832.360046387 822.49017334 878.419494629 695.826660156
eeg 848.809875488 822.49017334 904.739196777 801.105407715
eeg 853.744812012 769.850830078 799.460449219 801.105407715
eeg 840.584960938 769.850830078 799.460449219 801.105407715
a nan nan nan nan
b nan nan nan nan
d nan nan nan nan
g nan nan nan nan
t nan nan nan nan
h 4.0 4.0 4.0 4.0
c 0.0
Aa 0.0 0.0 0.0 0.0
Ab 0.0 0.0 0.0 0.0
Ad 0.0 0.0 0.0 0.0
Ag 0.0 0.0 0.0 0.0
At 0.0 0.0 0.0 0.0
as 0.0 0.0 0.0 0.0
bs 0.0 0.0 0.0 0.0
ds 0.0 0.0 0.0 0.0
gs 0.0 0.0 0.0 0.0
ts 0.0 0.0 0.0 0.0
eeg 814.265258789 875.129516602 904.739196777 748.466064453
eeg 814.265258789 875.129516602 904.739196777 748.466064453
eeg 824.135131836 875.129516602 904.739196777 801.105407715
eeg 832.360046387 822.49017334 825.780151367 853.744812012
eeg 802.750427246 769.850830078 773.14074707 801.105407715
eeg 812.620300293 822.49017334 852.09979248 801.105407715
eeg 834.005004883 875.129516602 878.419494629 801.105407715
eeg 817.555236816 822.49017334 904.739196777 695.826660156
eeg 807.68536377 822.49017334 931.058898926 801.105407715
eeg 825.780151367 769.850830078 825.780151367 801.105407715
eeg 835.650024414 717.211425781 799.460449219 748.466064453
eeg 822.49017334 822.49017334 904.739196777 748.466064453
eeg 830.715087891 822.49017334 904.739196777 748.466064453
eeg 842.229919434 822.49017334 904.739196777 801.105407715
eeg 834.005004883 769.850830078 825.780151367 853.744812012
eeg 822.49017334 717.211425781 773.14074707 801.105407715
eeg 845.519897461 769.850830078 852.09979248 801.105407715
eeg 850.454833984 822.49017334 878.419494629 801.105407715
eeg 830.715087891 822.49017334 852.09979248 748.466064453
eeg 815.91027832 822.49017334 852.09979248 853.744812012
eeg 824.135131836 822.49017334 799.460449219 853.744812012
eeg 832.360046387 769.850830078 746.821105957 801.105407715
a nan nan nan nan
b nan nan nan nan
d nan nan nan nan
g nan nan nan nan
t nan nan nan nan
h 4.0 4.0 4.0 4.0
c 0.0
Aa 0.0 0.0 0.0 0.0
Ab 0.0 0.0 0.0 0.0
Ad 0.0 0.0 0.0 0.0
Ag 0.0 0.0 0.0 0.0
At 0.0 0.0 0.0 0.0
as 0.0 0.0 0.0 0.0
bs 0.0 0.0 0.0 0.0
ds 0.0 0.0 0.0 0.0
gs 0.0 0.0 0.0 0.0
ts 0.0 0.0 0.0 0.0
eeg 801.105407715 875.129516602 878.419494629 801.105407715
eeg 814.265258789 822.49017334 825.780151367 748.466064453
eeg 848.809875488 822.49017334 825.780151367 748.466064453
eeg 852.09979248 769.850830078 773.14074707 801.105407715
eeg 799.460449219 717.211425781 720.501403809 748.466064453
eeg 817.555236816 769.850830078 773.14074707 748.466064453
eeg 832.360046387 822.49017334 825.780151367 748.466064453
eeg 824.135131836 769.850830078 825.780151367 695.826660156
eeg 819.200195312 769.850830078 825.780151367 801.105407715
eeg 815.91027832 769.850830078 773.14074707 801.105407715
eeg 827.425109863 717.211425781 720.501403809 748.466064453
eeg 809.330322266 822.49017334 825.780151367 748.466064453
eeg 824.135131836 822.49017334 825.780151367 748.466064453
eeg 820.845214844 822.49017334 825.780151367 801.105407715
eeg 825.780151367 769.850830078 773.14074707 853.744812012
eeg 824.135131836 769.850830078 773.14074707 801.105407715
eeg 812.620300293 875.129516602 878.419494629 801.105407715
eeg 812.620300293 875.129516602 878.419494629 801.105407715
eeg 825.780151367 769.850830078 799.460449219 774.785766602
eeg 825.780151367 769.850830078 773.14074707 853.744812012
eeg 817.555236816 769.850830078 746.821105957 880.064453125
eeg 835.650024414 717.211425781 694.18170166 774.785766602
a nan nan nan nan
b nan nan nan nan
d nan nan nan nan
g nan nan nan nan
t nan nan nan nan
h 4.0 4.0 4.0 4.0
c 0.0
Aa 0.0 0.0 0.0 0.0
Ab 0.0 0.0 0.0 0.0
Ad 0.0 0.0 0.0 0.0
Ag 0.0 0.0 0.0 0.0
At 0.0 0.0 0.0 0.0
as 0.0 0.0 0.0 0.0
bs 0.0 0.0 0.0 0.0
ds 0.0 0.0 0.0 0.0
gs 0.0 0.0 0.0 0.0
ts 0.0 0.0 0.0 0.0
eeg 830.715087891 822.49017334 825.780151367 774.785766602
eeg 843.874938965 822.49017334 825.780151367 774.785766602
eeg 866.904663086 769.850830078 799.460449219 853.744812012
eeg 865.259643555 717.211425781 746.821105957 906.384155273
eeg 840.584960938 717.211425781 720.501403809 827.425109863
eeg 835.650024414 822.49017334 799.460449219 801.105407715
eeg 827.425109863 875.129516602 852.09979248 801.105407715
eeg 843.874938965 822.49017334 799.460449219 801.105407715
eeg 834.005004883 822.49017334 799.460449219 853.744812012
eeg 825.780151367 822.49017334 799.460449219 906.384155273
eeg 840.584960938 769.850830078 720.501403809 801.105407715
eeg 830.715087891 884.999450684 825.780151367 801.105407715
eeg 822.49017334 914.609069824 825.780151367 801.105407715
eeg 830.715087891 815.91027832 746.821105957 853.744812012
eeg 835.650024414 779.720703125 694.18170166 906.384155273
eeg 809.330322266 769.850830078 694.18170166 801.105407715
eeg 820.845214844 865.259643555 799.460449219 801.105407715
eeg 820.845214844 934.348815918 852.09979248 801.105407715
eeg 809.330322266 829.070068359 773.14074707 801.105407715
eeg 789.590576172 806.040344238 773.14074707 853.744812012
eeg 789.590576172 812.620300293 773.14074707 906.384155273
eeg 822.49017334 776.430725098 746.821105957 801.105407715
a nan nan nan nan
b nan nan nan nan
d nan nan nan nan
g nan nan nan nan
t nan nan nan nan
h 4.0 4.0 4.0 4.0
c 0.0
Aa 0.0 0.0 0.0 0.0
Ab 0.0 0.0 0.0 0.0
Ad 0.0 0.0 0.0 0.0
Ag 0.0 0.0 0.0 0.0
At 0.0 0.0 0.0 0.0
as 0.0 0.0 0.0 0.0
bs 0.0 0.0 0.0 0.0
ds 0.0 0.0 0.0 0.0
gs 0.0 0.0 0.0 0.0
ts 0.0 0.0 0.0 0.0
eeg 806.040344238 865.259643555 852.09979248 801.105407715
eeg 802.750427246 924.478942871 878.419494629 801.105407715
eeg 807.68536377 799.460449219 799.460449219 853.744812012
eeg 825.780151367 776.430725098 773.14074707 906.384155273
eeg 809.330322266 776.430725098 773.14074707 801.105407715
eeg 799.460449219 881.709472656 825.780151367 801.105407715
eeg 824.135131836 934.348815918 904.739196777 853.744812012
eeg 814.265258789 829.070068359 825.780151367 880.064453125
eeg 812.620300293 829.070068359 825.780151367 932.703857422
eeg 835.650024414 829.070068359 825.780151367 985.343200684
eeg 834.005004883 829.070068359 799.460449219 853.744812012
eeg 817.555236816 881.709472656 878.419494629 853.744812012
eeg 809.330322266 934.348815918 931.058898926 880.064453125
eeg 827.425109863 829.070068359 825.780151367 932.703857422
eeg 825.780151367 829.070068359 799.460449219 959.02355957
eeg 812.620300293 829.070068359 799.460449219 853.744812012
eeg 832.360046387 881.709472656 852.09979248 801.105407715
eeg 827.425109863 934.348815918 931.058898926 853.744812012
eeg 830.715087891 829.070068359 825.780151367 853.744812012
eeg 815.91027832 829.070068359 799.460449219 880.064453125
eeg 830.715087891 829.070068359 799.460449219 932.703857422
eeg 847.164855957 809.330322266 784.655639648 797.815490723
a nan nan nan nan
b nan nan nan nan
d nan nan nan nan
g nan nan nan nan
t nan nan nan nan
h 4.0 4.0 4.0 4.0
c 0.0
Aa 0.0 0.0 0.0 0.0
Ab 0.0 0.0 0.0 0.0
Ad 0.0 0.0 0.0 0.0
Ag 0.0 0.0 0.0 0.0
At 0.0 0.0 0.0 0.0
as 0.0 0.0 0.0 0.0
bs 0.0 0.0 0.0 0.0
ds 0.0 0.0 0.0 0.0
gs 0.0 0.0 0.0 0.0
ts 0.0 0.0 0.0 0.0
eeg 829.070068359 888.289367676 863.614685059 824.135131836
eeg 832.360046387 940.928771973 889.934387207 903.094238281
eeg 842.229919434 809.330322266 784.655639648 955.733581543
eeg 852.09979248 809.330322266 784.655639648 982.053283691
eeg 819.200195312 809.330322266 784.655639648 903.094238281
eeg 830.715087891 861.969726562 863.614685059 850.454833984
eeg 837.29498291 914.609069824 916.25402832 903.094238281
eeg 837.29498291 809.330322266 810.975280762 903.094238281
eeg 827.425109863 783.010620117 784.655639648 903.094238281
eeg 832.360046387 809.330322266 810.975280762 955.733581543
eeg 827.425109863 809.330322266 810.975280762 824.135131836
eeg 814.265258789 835.650024414 863.614685059 824.135131836
eeg 814.265258789 914.609069824 916.25402832 876.774536133
eeg 824.135131836 783.010620117 784.655639648 903.094238281
eeg 829.070068359 783.010620117 784.655639648 929.413879395
eeg 804.395385742 809.330322266 784.655639648 824.135131836
eeg 824.135131836 888.289367676 889.934387207 824.135131836
eeg 822.49017334 940.928771973 942.573730469 929.413879395
eeg 819.200195312 861.969726562 837.29498291 929.413879395
eeg 809.330322266 835.650024414 810.975280762 929.413879395
eeg 807.68536377 861.969726562 837.29498291 982.053283691
eeg 824.135131836 861.969726562 837.29498291 876.774536133
a nan nan nan nan
b nan nan nan nan
d nan nan nan nan
g nan nan nan nan
t nan nan nan nan
h 4.0 4.0 4.0 4.0
c 0.0
Aa 0.0 0.0 0.0 0.0
Ab 0.0 0.0 0.0 0.0
Ad 0.0 0.0 0.0 0.0
Ag 0.0 0.0 0.0 0.0
At 0.0 0.0 0.0 0.0
as 0.0 0.0 0.0 0.0
bs 0.0 0.0 0.0 0.0
ds 0.0 0.0 0.0 0.0
gs 0.0 0.0 0.0 0.0
ts 0.0 0.0 0.0 0.0
eeg 807.68536377 861.969726562 863.614685059 876.774536133
eeg 807.68536377 940.928771973 942.573730469 929.413879395
eeg 824.135131836 809.330322266 810.975280762 929.413879395
eeg 835.650024414 809.330322266 810.975280762 929.413879395
eeg 810.975280762 861.969726562 837.29498291 876.774536133
eeg 822.49017334 914.609069824 889.934387207 824.135131836
eeg 814.265258789 940.928771973 942.573730469 876.774536133
eeg 815.91027832 835.650024414 837.29498291 876.774536133
eeg 799.460449219 783.010620117 784.655639648 876.774536133
eeg 801.105407715 835.650024414 810.975280762 929.413879395
eeg 815.91027832 835.650024414 837.29498291 850.454833984
eeg 799.460449219 835.650024414 863.614685059 824.135131836
eeg 809.330322266 914.609069824 968.893432617 929.413879395
eeg 807.68536377 783.010620117 837.29498291 929.413879395
eeg 819.200195312 783.010620117 837.29498291 929.413879395
eeg 791.235534668 835.650024414 863.614685059 850.454833984
eeg 804.395385742 861.969726562 916.25402832 797.815490723
eeg 814.265258789 888.289367676 968.893432617 876.774536133
eeg 802.750427246 783.010620117 863.614685059 903.094238281
eeg 787.945556641 730.371276855 810.975280762 876.774536133
eeg 802.750427246 809.330322266 863.614685059 903.094238281
eeg 812.620300293 835.650024414 863.614685059 824.135131836
a nan nan nan nan
b nan nan nan nan
d nan nan nan nan
g nan nan nan nan
t nan nan nan nan
h 4.0 4.0 4.0 4.0
c 0.0
Aa 0.0 0.0 0.0 0.0
Ab 0.0 0.0 0.0 0.0
Ad 0.0 0.0 0.0 0.0
Ag 0.0 0.0 0.0 0.0
At 0.0 0.0 0.0 0.0
as 0.0 0.0 0.0 0.0
bs 0.0 0.0 0.0 0.0
ds 0.0 0.0 0.0 0.0
gs 0.0 0.0 0.0 0.0
ts 0.0 0.0 0.0 0.0
eeg 794.525512695 835.650024414 889.934387207 797.815490723
eeg 799.460449219 888.289367676 942.573730469 903.094238281
eeg 809.330322266 756.690979004 784.655639648 903.094238281
eeg 809.330322266 756.690979004 784.655639648 903.094238281
eeg 783.010620117 861.969726562 889.934387207 824.135131836
eeg 807.68536377 861.969726562 942.573730469 771.495788574
eeg 822.49017334 861.969726562 942.573730469 850.454833984
eeg 815.91027832 809.330322266 837.29498291 876.774536133
eeg 794.525512695 756.690979004 784.655639648 850.454833984
eeg 802.750427246 809.330322266 837.29498291 876.774536133
eeg 815.91027832 809.330322266 837.29498291 824.135131836
eeg 806.040344238 809.330322266 837.29498291 771.495788574
eeg 794.525512695 861.969726562 889.934387207 876.774536133
eeg 806.040344238 756.690979004 784.655639648 876.774536133
eeg 809.330322266 756.690979004 784.655639648 876.774536133
eeg 786.300598145 861.969726562 837.29498291 797.815490723
eeg 806.040344238 861.969726562 837.29498291 745.176086426
eeg 804.395385742 861.969726562 837.29498291 824.135131836
eeg 810.975280762 809.330322266 784.655639648 876.774536133
eeg 797.815490723 756.690979004 732.016235352 850.454833984
eeg 809.330322266 861.969726562 810.975280762 850.454833984
eeg 815.91027832 914.609069824 863.614685059 797.815490723
a nan nan nan nan
b nan nan nan nan
d nan nan nan nan
g nan nan nan nan
t nan nan nan nan
h 4.0 4.0 4.0 4.0
c 0.0
Aa 0.0 0.0 0.0 0.0
Ab 0.0 0.0 0.0 0.0
Ad 0.0 0.0 0.0 0.0
Ag 0.0 0.0 0.0 0.0
At 0.0 0.0 0.0 0.0
as 0.0 0.0 0.0 0.0
bs 0.0 0.0 0.0 0.0
ds 0.0 0.0 0.0 0.0
gs 0.0 0.0 0.0 0.0
ts 0.0 0.0 0.0 0.0
eeg 806.040344238 888.289367676 863.614685059 745.176086426
eeg 807.68536377 914.609069824 916.25402832 850.454833984
eeg 801.105407715 835.650024414 810.975280762 850.454833984
eeg 817.555236816 809.330322266 784.655639648 850.454833984
eeg 791.235534668 914.609069824 889.934387207 797.815490723
eeg 807.68536377 914.609069824 889.934387207 771.495788574
eeg 815.91027832 914.609069824 916.25402832 850.454833984
eeg 814.265258789 835.650024414 810.975280762 903.094238281
eeg 794.525512695 783.010620117 758.3359375 850.454833984
eeg 806.040344238 861.969726562 837.29498291 850.454833984
eeg 820.845214844 888.289367676 863.614685059 824.135131836
eeg 817.555236816 861.969726562 863.614685059 771.495788574
eeg 824.135131836 861.969726562 889.934387207 903.094238281
eeg 787.945556641 809.330322266 784.655639648 903.094238281
eeg 819.200195312 730.371276855 784.655639648 850.454833984
eeg 796.170471191 835.650024414 916.25402832 745.176086426
eeg 806.040344238 861.969726562 942.573730469 745.176086426
eeg 827.425109863 861.969726562 942.573730469 797.815490723
eeg 819.200195312 783.010620117 837.29498291 850.454833984
eeg 797.815490723 730.371276855 784.655639648 797.815490723
eeg 820.845214844 809.330322266 863.614685059 797.815490723
eeg 830.715087891 861.969726562 889.934387207 797.815490723
a nan nan nan nan
b nan nan nan nan
d nan nan nan nan
g nan nan nan nan
t nan nan nan nan
h 4.0 4.0 4.0 4.0
c 0.0
Aa 0.0 0.0 0.0 0.0
Ab 0.0 0.0 0.0 0.0
Ad 0.0 0.0 0.0 0.0
Ag 0.0 0.0 0.0 0.0
At 0.0 0.0 0.0 0.0
as 0.0 0.0 0.0 0.0
bs 0.0 0.0 0.0 0.0
ds 0.0 0.0 0.0 0.0
gs 0.0 0.0 0.0 0.0
ts 0.0 0.0 0.0 0.0
eeg 815.91027832 835.650024414 863.614685059 745.176086426
eeg 810.975280762 835.650024414 889.934387207 850.454833984
eeg 830.715087891 783.010620117 810.975280762 850.454833984
eeg 835.650024414 730.371276855 758.3359375 797.815490723
eeg 797.815490723 861.969726562 889.934387207 797.815490723
eeg 810.975280762 861.969726562 889.934387207 797.815490723
eeg 812.620300293 861.969726562 889.934387207 850.454833984
eeg 825.780151367 809.330322266 810.975280762 903.094238281
eeg 809.330322266 756.690979004 758.3359375 797.815490723
eeg 829.070068359 835.650024414 810.975280762 797.815490723
eeg 835.650024414 861.969726562 863.614685059 797.815490723
eeg 822.49017334 809.330322266 863.614685059 745.176086426
eeg 829.070068359 809.330322266 863.614685059 876.774536133
eeg 834.005004883 783.010620117 810.975280762 903.094238281
eeg 838.940002441 730.371276855 758.3359375 850.454833984
eeg 820.845214844 861.969726562 863.614685059 824.135131836
eeg 835.650024414 861.969726562 863.614685059 797.815490723
eeg 842.229919434 835.650024414 863.614685059 876.774536133
eeg 835.650024414 783.010620117 810.975280762 929.413879395
eeg 802.750427246 756.690979004 810.975280762 850.454833984
eeg 819.200195312 835.650024414 863.614685059 824.135131836
eeg 819.200195312 888.289367676 916.25402832 824.135131836
a nan nan nan nan
b nan nan nan nan
d nan nan nan nan
g nan nan nan nan
t nan nan nan nan
h 4.0 4.0 4.0 4.0
c 0.0
Aa 0.0 0.0 0.0 0.0
Ab 0.0 0.0 0.0 0.0
Ad 0.0 0.0 0.0 0.0
Ag 0.0 0.0 0.0 0.0
At 0.0 0.0 0.0 0.0
as 0.0 0.0 0.0 0.0
bs 0.0 0.0 0.0 0.0
ds 0.0 0.0 0.0 0.0
gs 0.0 0.0 0.0 0.0
ts 0.0 0.0 0.0 0.0
eeg 809.330322266 835.650024414 863.614685059 771.495788574
eeg 801.105407715 835.650024414 863.614685059 876.774536133
eeg 804.395385742 835.650024414 758.3359375 903.094238281
eeg 819.200195312 783.010620117 705.696594238 804.395385742
eeg 797.815490723 888.289367676 810.975280762 784.655639648
eeg 804.395385742 888.289367676 810.975280762 764.91583252
eeg 810.975280762 835.650024414 810.975280762 857.034729004
eeg 834.005004883 783.010620117 758.3359375 922.833984375
eeg 817.555236816 783.010620117 758.3359375 830.715087891
eeg 815.91027832 835.650024414 810.975280762 804.395385742
eeg 822.49017334 888.289367676 863.614685059 817.555236816
eeg 815.91027832 835.650024414 810.975280762 778.075683594
eeg 809.330322266 835.650024414 810.975280762 870.194580078
eeg 815.91027832 835.650024414 810.975280762 916.25402832
eeg 843.874938965 783.010620117 758.3359375 797.815490723
eeg 815.91027832 888.289367676 863.614685059 784.655639648
eeg 834.005004883 888.289367676 863.614685059 778.075683594
eeg 855.389770508 835.650024414 863.614685059 870.194580078
eeg 857.034729004 779.720703125 787.945556641 932.703857422
eeg 832.360046387 753.401000977 735.306213379 830.715087891
eeg 858.679748535 832.360046387 787.945556641 794.525512695
eeg 865.259643555 884.999450684 840.584960938 824.135131836
a nan nan nan nan
b nan nan nan nan
d nan nan nan nan
g nan nan nan nan
t nan nan nan nan
h 4.0 4.0 4.0 4.0
c 0.0
Aa 0.0 0.0 0.0 0.0
Ab 0.0 0.0 0.0 0.0
Ad 0.0 0.0 0.0 0.0
Ag 0.0 0.0 0.0 0.0
At 0.0 0.0 0.0 0.0
as 0.0 0.0 0.0 0.0
bs 0.0 0.0 0.0 0.0
ds 0.0 0.0 0.0 0.0
gs 0.0 0.0 0.0 0.0
ts 0.0 0.0 0.0 0.0
eeg 801.105407715 806.040344238 787.945556641 791.235534668
eeg 796.170471191 806.040344238 787.945556641 863.614685059
eeg 797.815490723 806.040344238 787.945556641 922.833984375
eeg 792.880554199 753.401000977 735.306213379 791.235534668
eeg 801.105407715 858.679748535 840.584960938 781.365661621
eeg 773.14074707 884.999450684 840.584960938 787.945556641
eeg 771.495788574 806.040344238 787.945556641 873.484558105
eeg 781.365661621 779.720703125 787.945556641 932.703857422
eeg 756.690979004 779.720703125 787.945556641 820.845214844
eeg 774.785766602 858.679748535 840.584960938 784.655639648
eeg 774.785766602 911.319091797 893.224304199 814.265258789
eeg 771.495788574 832.360046387 840.584960938 807.68536377
eeg 776.430725098 806.040344238 840.584960938 863.614685059
eeg 771.495788574 832.360046387 814.265258789 942.573730469
eeg 783.010620117 806.040344238 761.625915527 837.29498291
eeg 771.495788574 884.999450684 866.904663086 863.614685059
eeg 779.720703125 911.319091797 866.904663086 863.614685059
eeg 791.235534668 806.040344238 787.945556641 916.25402832
eeg 810.975280762 806.040344238 761.625915527 968.893432617
eeg 794.525512695 806.040344238 761.625915527 863.614685059
eeg 819.200195312 884.999450684 840.584960938 837.29498291
eeg 812.620300293 937.638793945 893.224304199 863.614685059
a nan nan nan nan
b nan nan nan nan
d nan nan nan nan
g nan nan nan nan
t nan nan nan nan
h 4.0 4.0 4.0 4.0
c 0.0
Aa 0.0 0.0 0.0 0.0
Ab 0.0 0.0 0.0 0.0
Ad 0.0 0.0 0.0 0.0
Ag 0.0 0.0 0.0 0.0
At 0.0 0.0 0.0 0.0
as 0.0 0.0 0.0 0.0
bs 0.0 0.0 0.0 0.0
ds 0.0 0.0 0.0 0.0
gs 0.0 0.0 0.0 0.0
ts 0.0 0.0 0.0 0.0
eeg 799.460449219 832.360046387 787.945556641 863.614685059
eeg 797.815490723 806.040344238 787.945556641 889.934387207
eeg 802.750427246 806.040344238 787.945556641 942.573730469
eeg 817.555236816 806.040344238 761.625915527 810.975280762
eeg 796.170471191 858.679748535 866.904663086 810.975280762
eeg 799.460449219 911.319091797 893.224304199 837.29498291
eeg 809.330322266 779.720703125 787.945556641 889.934387207
eeg 815.91027832 832.360046387 787.945556641 942.573730469
eeg 787.945556641 832.360046387 787.945556641 889.934387207
eeg 786.300598145 884.999450684 866.904663086 863.614685059
eeg 796.170471191 937.638793945 945.863708496 889.934387207
eeg 781.365661621 832.360046387 840.584960938 889.934387207
eeg 776.430725098 832.360046387 814.265258789 889.934387207
eeg 787.945556641 832.360046387 814.265258789 942.573730469
eeg 802.750427246 832.360046387 814.265258789 810.975280762
eeg 792.880554199 884.999450684 866.904663086 810.975280762
eeg 815.91027832 937.638793945 919.544006348 863.614685059
eeg 797.815490723 832.360046387 787.945556641 916.25402832
eeg 810.975280762 832.360046387 787.945556641 942.573730469
eeg 799.460449219 832.360046387 787.945556641 837.29498291
eeg 789.590576172 884.999450684 866.904663086 784.655639648
eeg 809.330322266 937.638793945 919.544006348 837.29498291
a nan nan nan nan
b nan nan nan nan
d nan nan nan nan
g nan nan nan nan
t nan nan nan nan
h 4.0 4.0 4.0 4.0
c 0.0
Aa 0.0 0.0 0.0 0.0
Ab 0.0 0.0 0.0 0.0
Ad 0.0 0.0 0.0 0.0
Ag 0.0 0.0 0.0 0.0
At 0.0 0.0 0.0 0.0
as 0.0 0.0 0.0 0.0
bs 0.0 0.0 0.0 0.0
ds 0.0 0.0 0.0 0.0
gs 0.0 0.0 0.0 0.0
ts 0.0 0.0 0.0 0.0
eeg 812.620300293 832.360046387 814.265258789 837.29498291
eeg 801.105407715 832.360046387 814.265258789 889.934387207
eeg 832.360046387 884.999450684 840.584960938 942.573730469
eeg 840.584960938 884.999450684 866.904663086 837.29498291
eeg 812.620300293 911.319091797 945.863708496 837.29498291
eeg 822.49017334 990.278137207 998.503051758 889.934387207
eeg 819.200195312 858.679748535 866.904663086 889.934387207
eeg 827.425109863 832.360046387 840.584960938 889.934387207
eeg 791.235534668 858.679748535 866.904663086 837.29498291
eeg 804.395385742 911.319091797 919.544006348 784.655639648
eeg 819.200195312 937.638793945 972.183410645 837.29498291
eeg 817.555236816 858.679748535 866.904663086 837.29498291
eeg 802.750427246 806.040344238 840.584960938 837.29498291
eeg 812.620300293 858.679748535 866.904663086 889.934387207
eeg 825.780151367 858.679748535 866.904663086 784.655639648
eeg 812.620300293 884.999450684 893.224304199 784.655639648
eeg 815.91027832 937.638793945 945.863708496 837.29498291
eeg 806.040344238 832.360046387 814.265258789 863.614685059
eeg 809.330322266 858.679748535 814.265258789 916.25402832
eeg 791.235534668 937.638793945 840.584960938 837.29498291
eeg 820.845214844 990.278137207 893.224304199 784.655639648
eeg 822.49017334 1016.59783936 945.863708496 863.614685059
a nan nan nan nan
b nan nan nan nan
d nan nan nan nan
g nan nan nan nan
t nan nan nan nan
h 4.0 4.0 4.0 4.0
c 0.0
Aa 0.0 0.0 0.0 0.0
Ab 0.0 0.0 0.0 0.0
Ad 0.0 0.0 0.0 0.0
Ag 0.0 0.0 0.0 0.0
At 0.0 0.0 0.0 0.0
as 0.0 0.0 0.0 0.0
bs 0.0 0.0 0.0 0.0
ds 0.0 0.0 0.0 0.0
gs 0.0 0.0 0.0 0.0
ts 0.0 0.0 0.0 0.0
eeg 825.780151367 911.319091797 840.584960938 889.934387207
eeg 815.91027832 858.679748535 814.265258789 889.934387207
eeg 815.91027832 911.319091797 840.584960938 916.25402832
eeg 838.940002441 911.319091797 840.584960938 810.975280762
eeg 819.200195312 911.319091797 866.904663086 784.655639648
eeg 822.49017334 963.958496094 945.863708496 889.934387207
eeg 817.555236816 832.360046387 814.265258789 889.934387207
eeg 830.715087891 832.360046387 787.945556641 889.934387207
eeg 802.750427246 884.999450684 840.584960938 810.975280762
eeg 814.265258789 911.319091797 893.224304199 758.3359375
eeg 820.845214844 937.638793945 919.544006348 837.29498291
eeg 801.105407715 884.999450684 840.584960938 889.934387207
eeg 789.590576172 884.999450684 814.265258789 863.614685059
eeg 804.395385742 937.638793945 893.224304199 889.934387207
eeg 820.845214844 937.638793945 919.544006348 810.975280762
eeg 801.105407715 937.638793945 945.863708496 784.655639648
eeg 806.040344238 990.278137207 1024.82275391 889.934387207
eeg 810.975280762 884.999450684 866.904663086 889.934387207
eeg 827.425109863 884.999450684 866.904663086 889.934387207
eeg 794.525512695 937.638793945 893.224304199 810.975280762
eeg 801.105407715 937.638793945 945.863708496 758.3359375
eeg 815.91027832 937.638793945 972.183410645 837.29498291
a nan nan nan nan
b nan nan nan nan
d nan nan nan nan
g nan nan nan nan
t nan nan nan nan
h 4.0 4.0 4.0 4.0
c 0.0
Aa 0.0 0.0 0.0 0.0
Ab 0.0 0.0 0.0 0.0
Ad 0.0 0.0 0.0 0.0
Ag 0.0 0.0 0.0 0.0
At 0.0 0.0 0.0 0.0
as 0.0 0.0 0.0 0.0
bs 0.0 0.0 0.0 0.0
ds 0.0 0.0 0.0 0.0
gs 0.0 0.0 0.0 0.0
ts 0.0 0.0 0.0 0.0
eeg 815.91027832 884.999450684 866.904663086 863.614685059
eeg 812.620300293 832.360046387 814.265258789 837.29498291
eeg 812.620300293 884.999450684 866.904663086 863.614685059
eeg 817.555236816 884.999450684 866.904663086 810.975280762
eeg 797.815490723 884.999450684 866.904663086 758.3359375
eeg 796.170471191 911.319091797 972.183410645 810.975280762
eeg 807.68536377 806.040344238 919.544006348 810.975280762
eeg 814.265258789 779.720703125 972.183410645 810.975280762
eeg 796.170471191 884.999450684 1024.82275391 758.3359375
eeg 806.040344238 911.319091797 1024.82275391 705.696594238
eeg 807.68536377 911.319091797 1024.82275391 758.3359375
eeg 810.975280762 832.360046387 919.544006348 810.975280762
eeg 794.525512695 779.720703125 866.904663086 810.975280762
eeg 794.525512695 884.999450684 919.544006348 810.975280762
eeg 815.91027832 911.319091797 919.544006348 758.3359375
eeg 799.460449219 884.999450684 919.544006348 705.696594238
eeg 799.460449219 911.319091797 972.183410645 810.975280762
eeg 812.620300293 832.360046387 866.904663086 810.975280762
eeg 817.555236816 806.040344238 866.904663086 810.975280762
eeg 784.655639648 911.319091797 919.544006348 758.3359375
eeg 787.945556641 911.319091797 919.544006348 758.3359375
eeg 807.68536377 963.958496094 945.863708496 758.3359375
a nan nan nan nan
b nan nan nan nan
d nan nan nan nan
g nan nan nan nan
t nan nan nan nan
h 4.0 4.0 4.0 4.0
c 0.0
Aa 0.0 0.0 0.0 0.0
Ab 0.0 0.0 0.0 0.0
Ad 0.0 0.0 0.0 0.0
Ag 0.0 0.0 0.0 0.0
At 0.0 0.0 0.0 0.0
as 0.0 0.0 0.0 0.0
bs 0.0 0.0 0.0 0.0
ds 0.0 0.0 0.0 0.0
gs 0.0 0.0 0.0 0.0
ts 0.0 0.0 0.0 0.0
eeg 809.330322266 911.319091797 866.904663086 810.975280762
eeg 789.590576172 858.679748535 814.265258789 758.3359375
eeg 796.170471191 911.319091797 893.224304199 758.3359375
eeg 796.170471191 911.319091797 919.544006348 758.3359375
eeg 799.460449219 911.319091797 893.224304199 705.696594238
eeg 799.460449219 911.319091797 919.544006348 810.975280762
eeg 784.655639648 858.679748535 814.265258789 810.975280762
eeg 789.590576172 806.040344238 787.945556641 810.975280762
eeg 774.785766602 911.319091797 893.224304199 758.3359375
eeg 791.235534668 911.319091797 893.224304199 758.3359375
eeg 799.460449219 911.319091797 893.224304199 810.975280762
eeg 797.815490723 858.679748535 814.265258789 863.614685059
eeg 787.945556641 806.040344238 761.625915527 810.975280762
eeg 810.975280762 911.319091797 866.904663086 810.975280762
eeg 825.780151367 911.319091797 893.224304199 810.975280762
eeg 812.620300293 855.389770508 858.679748535 740.241149902
eeg 799.460449219 855.389770508 911.319091797 845.519897461
eeg 806.040344238 802.750427246 832.360046387 845.519897461
eeg 812.620300293 750.111022949 806.040344238 792.880554199
eeg 787.945556641 881.709472656 911.319091797 766.560852051
eeg 810.975280762 881.709472656 911.319091797 740.241149902
eeg 815.91027832 881.709472656 911.319091797 819.200195312
a nan nan nan nan
b nan nan nan nan
d nan nan nan nan
g nan nan nan nan
t nan nan nan nan
h 4.0 4.0 4.0 4.0
c 0.0
Aa 0.0 0.0 0.0 0.0
Ab 0.0 0.0 0.0 0.0
Ad 0.0 0.0 0.0 0.0
Ag 0.0 0.0 0.0 0.0
At 0.0 0.0 0.0 0.0
as 0.0 0.0 0.0 0.0
bs 0.0 0.0 0.0 0.0
ds 0.0 0.0 0.0 0.0
gs 0.0 0.0 0.0 0.0
ts 0.0 0.0 0.0 0.0
eeg 812.620300293 802.750427246 832.360046387 871.839599609
eeg 797.815490723 776.430725098 779.720703125 792.880554199
eeg 810.975280762 881.709472656 884.999450684 792.880554199
eeg 824.135131836 908.029174805 911.319091797 792.880554199
eeg 806.040344238 855.389770508 884.999450684 740.241149902
eeg 796.170471191 855.389770508 884.999450684 845.519897461
eeg 809.330322266 829.070068359 832.360046387 871.839599609
eeg 824.135131836 776.430725098 779.720703125 819.200195312
eeg 809.330322266 908.029174805 884.999450684 792.880554199
eeg 820.845214844 908.029174805 911.319091797 766.560852051
eeg 819.200195312 855.389770508 911.319091797 766.560852051
eeg 819.200195312 802.750427246 858.679748535 819.200195312
eeg 801.105407715 802.750427246 806.040344238 766.560852051
eeg 819.200195312 855.389770508 858.679748535 766.560852051
eeg 827.425109863 908.029174805 911.319091797 766.560852051
eeg 820.845214844 855.389770508 858.679748535 713.921447754
eeg 817.555236816 855.389770508 858.679748535 819.200195312
eeg 810.975280762 855.389770508 806.040344238 819.200195312
eeg 817.555236816 802.750427246 753.401000977 766.560852051
eeg 804.395385742 908.029174805 858.679748535 766.560852051
eeg 806.040344238 908.029174805 858.679748535 766.560852051
eeg 781.365661621 855.389770508 858.679748535 819.200195312
a nan nan nan nan
b nan nan nan nan
d nan nan nan nan
g nan nan nan nan
t nan nan nan nan
h 4.0 4.0 4.0 4.0
c 0.0
Aa 0.0 0.0 0.0 0.0
Ab 0.0 0.0 0.0 0.0
Ad 0.0 0.0 0.0 0.0
Ag 0.0 0.0 0.0 0.0
At 0.0 0.0 0.0 0.0
as 0.0 0.0 0.0 0.0
bs 0.0 0.0 0.0 0.0
ds 0.0 0.0 0.0 0.0
gs 0.0 0.0 0.0 0.0
ts 0.0 0.0 0.0 0.0
eeg 804.395385742 802.750427246 806.040344238 871.839599609
eeg 778.075683594 802.750427246 806.040344238 819.200195312
eeg 789.590576172 855.389770508 858.679748535 819.200195312
eeg 809.330322266 908.029174805 911.319091797 819.200195312
eeg 791.235534668 802.750427246 832.360046387 766.560852051
eeg 787.945556641 776.430725098 832.360046387 819.200195312
eeg 796.170471191 750.111022949 806.040344238 845.519897461
eeg 802.750427246 697.471679688 727.081298828 740.241149902
eeg 774.785766602 802.750427246 858.679748535 740.241149902
eeg 799.460449219 829.070068359 884.999450684 740.241149902
eeg 804.395385742 776.430725098 858.679748535 819.200195312
eeg 812.620300293 750.111022949 806.040344238 871.839599609
eeg 779.720703125 750.111022949 779.720703125 792.880554199
eeg 794.525512695 829.070068359 858.679748535 766.560852051
eeg 812.620300293 881.709472656 911.319091797 792.880554199
eeg 812.620300293 802.750427246 832.360046387 766.560852051
eeg 812.620300293 802.750427246 832.360046387 845.519897461
eeg 806.040344238 802.750427246 806.040344238 898.159240723
eeg 819.200195312 776.430725098 753.401000977 792.880554199
eeg 801.105407715 881.709472656 858.679748535 792.880554199
eeg 809.330322266 894.86932373 858.679748535 792.880554199
eeg 815.91027832 802.750427246 806.040344238 845.519897461
a nan nan nan nan
b nan nan nan nan
d nan nan nan nan
g nan nan nan nan
t nan nan nan nan
h 4.0 4.0 4.0 4.0
c 0.0
Aa 0.0 0.0 0.0 0.0
Ab 0.0 0.0 0.0 0.0
Ad 0.0 0.0 0.0 0.0
Ag 0.0 0.0 0.0 0.0
At 0.0 0.0 0.0 0.0
as 0.0 0.0 0.0 0.0
bs 0.0 0.0 0.0 0.0
ds 0.0 0.0 0.0 0.0
gs 0.0 0.0 0.0 0.0
ts 0.0 0.0 0.0 0.0
eeg 822.49017334 776.430725098 753.401000977 898.159240723
eeg 789.590576172 763.270874023 753.401000977 792.880554199
eeg 810.975280762 848.809875488 832.360046387 792.880554199
eeg 802.750427246 927.768920898 911.319091797 792.880554199
eeg 783.010620117 822.49017334 832.360046387 792.880554199
eeg 784.655639648 802.750427246 832.360046387 845.519897461
eeg 787.945556641 815.91027832 832.360046387 898.159240723
eeg 807.68536377 776.430725098 779.720703125 792.880554199
eeg 789.590576172 875.129516602 884.999450684 792.880554199
eeg 792.880554199 914.609069824 884.999450684 792.880554199
eeg 797.815490723 796.170471191 806.040344238 845.519897461
eeg 814.265258789 783.010620117 779.720703125 898.159240723
eeg 781.365661621 783.010620117 779.720703125 792.880554199
eeg 794.525512695 861.969726562 858.679748535 792.880554199
eeg 809.330322266 914.609069824 934.348815918 845.519897461
eeg 801.105407715 809.330322266 835.650024414 871.839599609
eeg 787.945556641 783.010620117 809.330322266 924.478942871
eeg 796.170471191 783.010620117 809.330322266 977.118347168
eeg 814.265258789 783.010620117 769.850830078 845.519897461
eeg 799.460449219 861.969726562 884.999450684 845.519897461
eeg 809.330322266 914.609069824 906.384155273 871.839599609
eeg 810.975280762 783.010620117 804.395385742 924.478942871
a nan nan nan nan
b nan nan nan nan
d nan nan nan nan
g nan nan nan nan
t nan nan nan nan
h 4.0 4.0 4.0 4.0
c 0.0
Aa 0.0 0.0 0.0 0.0
Ab 0.0 0.0 0.0 0.0
Ad 0.0 0.0 0.0 0.0
Ag 0.0 0.0 0.0 0.0
At 0.0 0.0 0.0 0.0
as 0.0 0.0 0.0 0.0
bs 0.0 0.0 0.0 0.0
ds 0.0 0.0 0.0 0.0
gs 0.0 0.0 0.0 0.0
ts 0.0 0.0 0.0 0.0
eeg 820.845214844 783.010620117 776.430725098 950.79864502
eeg 787.945556641 783.010620117 768.205810547 845.519897461
eeg 791.235534668 861.969726562 853.744812012 819.200195312
eeg 809.330322266 914.609069824 934.348815918 845.519897461
eeg 801.105407715 809.330322266 832.360046387 845.519897461
eeg 804.395385742 783.010620117 799.460449219 871.839599609
eeg 807.68536377 809.330322266 807.68536377 924.478942871
eeg 825.780151367 809.330322266 781.365661621 792.880554199
eeg 799.460449219 888.289367676 834.005004883 819.200195312
eeg 807.68536377 967.248413086 886.64440918 898.159240723
eeg 819.200195312 835.650024414 781.365661621 950.79864502
eeg 830.715087891 835.650024414 781.365661621 977.118347168
eeg 804.395385742 835.650024414 781.365661621 871.839599609
eeg 817.555236816 888.289367676 834.005004883 819.200195312
eeg 817.555236816 940.928771973 886.64440918 871.839599609
eeg 815.91027832 835.650024414 781.365661621 871.839599609
eeg 812.620300293 809.330322266 781.365661621 871.839599609
eeg 817.555236816 835.650024414 781.365661621 924.478942871
eeg 842.229919434 835.650024414 781.365661621 792.880554199
eeg 819.200195312 861.969726562 834.005004883 792.880554199
eeg 824.135131836 914.609069824 886.64440918 845.519897461
eeg 830.715087891 783.010620117 781.365661621 871.839599609
a nan nan nan nan
b nan nan nan nan
d nan nan nan nan
g nan nan nan nan
t nan nan nan nan
h 4.0 4.0 4.0 4.0
c 0.0
Aa 0.0 0.0 0.0 0.0
Ab 0.0 0.0 0.0 0.0
Ad 0.0 0.0 0.0 0.0
Ag 0.0 0.0 0.0 0.0
At 0.0 0.0 0.0 0.0
as 0.0 0.0 0.0 0.0
bs 0.0 0.0 0.0 0.0
ds 0.0 0.0 0.0 0.0
gs 0.0 0.0 0.0 0.0
ts 0.0 0.0 0.0 0.0
eeg 845.519897461 783.010620117 781.365661621 898.159240723
eeg 815.91027832 809.330322266 781.365661621 819.200195312
eeg 822.49017334 914.609069824 860.324707031 819.200195312
eeg 825.780151367 1019.88781738 939.283752441 924.478942871
eeg 825.780151367 914.609069824 834.005004883 924.478942871
eeg 817.555236816 861.969726562 807.68536377 924.478942871
eeg 789.590576172 914.609069824 834.005004883 977.118347168
eeg 806.040344238 914.609069824 834.005004883 871.839599609
eeg 791.235534668 914.609069824 886.64440918 871.839599609
eeg 789.590576172 967.248413086 939.283752441 924.478942871
eeg 794.525512695 861.969726562 807.68536377 924.478942871
eeg 801.105407715 861.969726562 807.68536377 924.478942871
eeg 783.010620117 861.969726562 807.68536377 871.839599609
eeg 814.265258789 914.609069824 860.324707031 819.200195312
eeg 809.330322266 914.609069824 912.964111328 871.839599609
eeg 796.170471191 809.330322266 807.68536377 871.839599609
eeg 801.105407715 756.690979004 781.365661621 871.839599609
eeg 804.395385742 809.330322266 807.68536377 924.478942871
eeg 814.265258789 835.650024414 834.005004883 845.519897461
eeg 792.880554199 861.969726562 860.324707031 819.200195312
eeg 806.040344238 967.248413086 965.60345459 924.478942871
eeg 814.265258789 835.650024414 807.68536377 924.478942871
a nan nan nan nan
b nan nan nan nan
d nan nan nan nan
g nan nan nan nan
t nan nan nan nan
h 4.0 4.0 4.0 4.0
c 0.0
Aa 0.0 0.0 0.0 0.0
Ab 0.0 0.0 0.0 0.0
Ad 0.0 0.0 0.0 0.0
Ag 0.0 0.0 0.0 0.0
At 0.0 0.0 0.0 0.0
as 0.0 0.0 0.0 0.0
bs 0.0 0.0 0.0 0.0
ds 0.0 0.0 0.0 0.0
gs 0.0 0.0 0.0 0.0
ts 0.0 0.0 0.0 0.0
eeg 825.780151367 835.650024414 807.68536377 924.478942871
eeg 797.815490723 888.289367676 834.005004883 845.519897461
eeg 814.265258789 914.609069824 886.64440918 792.880554199
eeg 806.040344238 940.928771973 939.283752441 871.839599609
eeg 806.040344238 835.650024414 834.005004883 898.159240723
eeg 799.460449219 783.010620117 807.68536377 871.839599609
eeg 806.040344238 861.969726562 860.324707031 898.159240723
eeg 824.135131836 861.969726562 860.324707031 819.200195312
eeg 791.235534668 861.969726562 886.64440918 792.880554199
eeg 778.075683594 914.609069824 939.283752441 898.159240723
eeg 789.590576172 783.010620117 781.365661621 898.159240723
eeg 810.975280762 783.010620117 781.365661621 898.159240723
eeg 781.365661621 857.034729004 827.425109863 809.330322266
