eeg 585.612976074 802.750427246 804.395385742 819.200195312
eeg 575.743103027 829.070068359 817.555236816 898.159240723
eeg 583.968017578 829.070068359 771.495788574 766.560852051
eeg 595.482910156 881.709472656 863.614685059 766.560852051
eeg 582.323059082 934.348815918 909.674133301 819.200195312
eeg 572.453186035 802.750427246 791.235534668 845.519897461
eeg 592.192932129 802.750427246 784.655639648 924.478942871
eeg 595.482910156 802.750427246 771.495788574 792.880554199
eeg 583.968017578 881.709472656 857.034729004 792.880554199
eeg 577.388122559 934.348815918 929.413879395 792.880554199
eeg 592.192932129 829.070068359 824.135131836 819.200195312
eeg 570.808166504 802.750427246 791.235534668 819.200195312
eeg 570.808166504 829.070068359 791.235534668 898.159240723
eeg 579.033081055 829.070068359 791.235534668 766.560852051
eeg 583.968017578 881.709472656 876.774536133 766.560852051
a nan nan nan nan
b nan nan nan nan
d nan nan nan nan
g nan nan nan nan
t nan nan nan nan
h 4.0 4.0 4.0 4.0
c 0.0
Aa 0.0 0.0 0.0 0.0
Ab 0.0 0.0 0.0 0.0
Ad 0.0 0.0 0.0 0.0
Ag 0.0 0.0 0.0 0.0
At 0.0 0.0 0.0 0.0
as 0.0 0.0 0.0 0.0
bs 0.0 0.0 0.0 0.0
ds 0.0 0.0 0.0 0.0
gs 0.0 0.0 0.0 0.0
ts 0.0 0.0 0.0 0.0
eeg 577.388122559 934.348815918 916.25402832 819.200195312
eeg 567.518188477 829.070068359 837.29498291 847.164855957
eeg 593.837890625 855.389770508 863.614685059 919.544006348
eeg 587.257995605 855.389770508 863.614685059 781.365661621
eeg 582.323059082 908.029174805 942.573730469 771.495788574
eeg 565.87322998 960.668518066 995.213134766 792.880554199
eeg 582.323059082 855.389770508 889.934387207 840.584960938
eeg 583.968017578 829.070068359 863.614685059 807.68536377
eeg 575.743103027 855.389770508 863.614685059 893.224304199
eeg 582.323059082 855.389770508 863.614685059 753.401000977
eeg 575.743103027 881.709472656 916.25402832 745.176086426
eeg 588.902954102 960.668518066 968.893432617 817.555236816
eeg 565.87322998 829.070068359 837.29498291 848.809875488
eeg 579.033081055 829.070068359 837.29498291 912.964111328
eeg 565.87322998 855.389770508 837.29498291 774.785766602
eeg 559.293334961 908.029174805 889.934387207 768.205810547
eeg 567.518188477 934.348815918 942.573730469 797.815490723
eeg 587.257995605 934.348815918 863.614685059 824.135131836
eeg 593.837890625 934.348815918 837.29498291 797.815490723
eeg 574.098144531 1039.62756348 863.614685059 876.774536133
eeg 595.482910156 1039.62756348 863.614685059 745.176086426
eeg 593.837890625 1039.62756348 889.934387207 745.176086426
a nan nan nan nan
b nan nan nan nan
d nan nan nan nan
g nan nan nan nan
t nan nan nan nan
h 4.0 4.0 4.0 4.0
c 0.0
Aa 0.0 0.0 0.0 0.0
Ab 0.0 0.0 0.0 0.0
Ad 0.0 0.0 0.0 0.0
Ag 0.0 0.0 0.0 0.0
At 0.0 0.0 0.0 0.0
as 0.0 0.0 0.0 0.0
bs 0.0 0.0 0.0 0.0
ds 0.0 0.0 0.0 0.0
gs 0.0 0.0 0.0 0.0
ts 0.0 0.0 0.0 0.0
eeg 580.678039551 1092.26696777 968.893432617 797.815490723
eeg 570.808166504 934.348815918 837.29498291 824.135131836
eeg 590.547912598 934.348815918 837.29498291 876.774536133
eeg 582.323059082 934.348815918 837.29498291 771.495788574
eeg 583.968017578 986.988220215 889.934387207 771.495788574
eeg 577.388122559 986.988220215 942.573730469 797.815490723
eeg 585.612976074 881.709472656 837.29498291 850.454833984
eeg 585.612976074 829.070068359 810.975280762 797.815490723
eeg 572.453186035 881.709472656 837.29498291 876.774536133
eeg 580.678039551 881.709472656 837.29498291 745.176086426
eeg 575.743103027 881.709472656 863.614685059 745.176086426
eeg 567.518188477 986.988220215 968.893432617 824.135131836
eeg 560.938293457 881.709472656 837.29498291 824.135131836
eeg 575.743103027 881.709472656 837.29498291 876.774536133
eeg 574.098144531 934.348815918 863.614685059 771.495788574
eeg 570.808166504 934.348815918 889.934387207 771.495788574
eeg 560.938293457 934.348815918 942.573730469 797.815490723
eeg 579.033081055 881.709472656 837.29498291 850.454833984
eeg 579.033081055 829.070068359 784.655639648 797.815490723
eeg 567.518188477 881.709472656 837.29498291 876.774536133
eeg 587.257995605 881.709472656 837.29498291 745.176086426
eeg 593.837890625 881.709472656 863.614685059 745.176086426
a nan nan nan nan
b nan nan nan nan
d nan nan nan nan
g nan nan nan nan
t nan nan nan nan
h 4.0 4.0 4.0 4.0
c 0.0
Aa 0.0 0.0 0.0 0.0
Ab 0.0 0.0 0.0 0.0
Ad 0.0 0.0 0.0 0.0
Ag 0.0 0.0 0.0 0.0
At 0.0 0.0 0.0 0.0
as 0.0 0.0 0.0 0.0
bs 0.0 0.0 0.0 0.0
ds 0.0 0.0 0.0 0.0
gs 0.0 0.0 0.0 0.0
ts 0.0 0.0 0.0 0.0
eeg 580.678039551 934.348815918 916.25402832 824.135131836
eeg 570.808166504 829.070068359 784.655639648 850.454833984
eeg 590.547912598 829.070068359 784.655639648 876.774536133
eeg 592.192932129 881.709472656 837.29498291 771.495788574
eeg 580.678039551 881.709472656 889.934387207 771.495788574
eeg 564.228271484 934.348815918 942.573730469 824.135131836
eeg 579.033081055 881.709472656 889.934387207 929.413879395
eeg 574.098144531 829.070068359 837.29498291 876.774536133
eeg 567.518188477 881.709472656 889.934387207 929.413879395
eeg 562.583251953 881.709472656 889.934387207 824.135131836
eeg 564.228271484 881.709472656 889.934387207 824.135131836
eeg 562.583251953 934.348815918 942.573730469 876.774536133
eeg 551.06842041 829.070068359 837.29498291 876.774536133
eeg 575.743103027 829.070068359 837.29498291 876.774536133
eeg 585.612976074 934.348815918 889.934387207 824.135131836
eeg 588.902954102 934.348815918 889.934387207 824.135131836
eeg 580.678039551 934.348815918 889.934387207 824.135131836
eeg 602.062805176 881.709472656 837.29498291 876.774536133
eeg 587.257995605 829.070068359 784.655639648 824.135131836
eeg 590.547912598 881.709472656 837.29498291 876.774536133
eeg 579.033081055 881.709472656 837.29498291 771.495788574
eeg 585.612976074 875.129516602 889.934387207 751.75604248
a nan nan nan nan
b nan nan nan nan
d nan nan nan nan
g nan nan nan nan
t nan nan nan nan
h 4.0 4.0 4.0 4.0
c 0.0
Aa 0.0 0.0 0.0 0.0
Ab 0.0 0.0 0.0 0.0
Ad 0.0 0.0 0.0 0.0
Ag 0.0 0.0 0.0 0.0
At 0.0 0.0 0.0 0.0
as 0.0 0.0 0.0 0.0
bs 0.0 0.0 0.0 0.0
ds 0.0 0.0 0.0 0.0
gs 0.0 0.0 0.0 0.0
ts 0.0 0.0 0.0 0.0
eeg 582.323059082 894.86932373 942.573730469 830.715087891
eeg 557.64831543 796.170471191 837.29498291 863.614685059
eeg 580.678039551 763.270874023 837.29498291 870.194580078
eeg 580.678039551 881.709472656 889.934387207 778.075683594
eeg 574.098144531 894.86932373 889.934387207 761.625915527
eeg 564.228271484 901.44921875 889.934387207 797.815490723
eeg 570.808166504 809.330322266 837.29498291 893.224304199
eeg 562.583251953 743.53112793 784.655639648 797.815490723
eeg 554.358398438 848.809875488 837.29498291 866.904663086
eeg 560.938293457 888.289367676 837.29498291 751.75604248
eeg 564.228271484 855.389770508 837.29498291 735.306213379
eeg 559.293334961 881.709472656 889.934387207 817.555236816
eeg 556.003356934 809.330322266 784.655639648 853.744812012
eeg 569.163208008 756.690979004 784.655639648 853.744812012
eeg 564.228271484 888.289367676 889.934387207 774.785766602
eeg 564.228271484 835.650024414 916.25402832 801.105407715
eeg 556.003356934 835.650024414 942.573730469 827.425109863
eeg 575.743103027 783.010620117 837.29498291 906.384155273
eeg 575.743103027 730.371276855 784.655639648 827.425109863
eeg 564.228271484 783.010620117 863.614685059 880.064453125
eeg 567.518188477 835.650024414 889.934387207 801.105407715
eeg 570.808166504 835.650024414 889.934387207 774.785766602
a nan nan nan nan
b nan nan nan nan
d nan nan nan nan
g nan nan nan nan
t nan nan nan nan
h 4.0 4.0 4.0 4.0
c 0.0
Aa 0.0 0.0 0.0 0.0
Ab 0.0 0.0 0.0 0.0
Ad 0.0 0.0 0.0 0.0
Ag 0.0 0.0 0.0 0.0
At 0.0 0.0 0.0 0.0
as 0.0 0.0 0.0 0.0
bs 0.0 0.0 0.0 0.0
ds 0.0 0.0 0.0 0.0
gs 0.0 0.0 0.0 0.0
ts 0.0 0.0 0.0 0.0
eeg 580.678039551 835.650024414 889.934387207 853.744812012
eeg 572.453186035 783.010620117 810.975280762 880.064453125
eeg 569.163208008 730.371276855 784.655639648 880.064453125
eeg 579.033081055 835.650024414 889.934387207 827.425109863
eeg 569.163208008 835.650024414 889.934387207 827.425109863
eeg 564.228271484 835.650024414 889.934387207 853.744812012
eeg 587.257995605 783.010620117 810.975280762 932.703857422
eeg 567.518188477 730.371276855 758.3359375 827.425109863
eeg 557.64831543 835.650024414 837.29498291 853.744812012
eeg 554.358398438 861.969726562 863.614685059 801.105407715
eeg 560.938293457 809.330322266 837.29498291 774.785766602
eeg 562.583251953 783.010620117 863.614685059 853.744812012
eeg 557.64831543 756.690979004 784.655639648 880.064453125
eeg 570.808166504 704.051574707 732.016235352 853.744812012
eeg 585.612976074 835.650024414 863.614685059 801.105407715
eeg 582.323059082 835.650024414 863.614685059 801.105407715
eeg 567.518188477 809.330322266 863.614685059 827.425109863
eeg 588.902954102 756.690979004 784.655639648 906.384155273
eeg 582.323059082 730.371276855 732.016235352 801.105407715
eeg 575.743103027 809.330322266 810.975280762 827.425109863
eeg 579.033081055 861.969726562 863.614685059 774.785766602
eeg 582.323059082 809.330322266 837.29498291 774.785766602
a nan nan nan nan
b nan nan nan nan
d nan nan nan nan
g nan nan nan nan
t nan nan nan nan
h 4.0 4.0 4.0 4.0
c 0.0
Aa 0.0 0.0 0.0 0.0
Ab 0.0 0.0 0.0 0.0
Ad 0.0 0.0 0.0 0.0
Ag 0.0 0.0 0.0 0.0
At 0.0 0.0 0.0 0.0
as 0.0 0.0 0.0 0.0
bs 0.0 0.0 0.0 0.0
ds 0.0 0.0 0.0 0.0
gs 0.0 0.0 0.0 0.0
ts 0.0 0.0 0.0 0.0
eeg 575.743103027 809.330322266 837.29498291 827.425109863
eeg 552.713378906 783.010620117 784.655639648 853.744812012
eeg 572.453186035 730.371276855 732.016235352 801.105407715
eeg 570.808166504 893.224304199 881.709472656 768.205810547
eeg 551.06842041 866.904663086 855.389770508 794.525512695
eeg 557.64831543 814.265258789 829.070068359 847.164855957
eeg 567.518188477 761.625915527 750.111022949 952.443603516
eeg 579.033081055 735.306213379 697.471679688 873.484558105
eeg 572.453186035 814.265258789 776.430725098 899.804260254
eeg 579.033081055 866.904663086 829.070068359 847.164855957
eeg 603.707763672 814.265258789 802.750427246 847.164855957
eeg 592.192932129 814.265258789 802.750427246 899.804260254
eeg 567.518188477 814.265258789 750.111022949 952.443603516
eeg 585.612976074 761.625915527 697.471679688 873.484558105
eeg 580.678039551 893.224304199 829.070068359 847.164855957
eeg 574.098144531 893.224304199 829.070068359 847.164855957
eeg 562.583251953 840.584960938 829.070068359 873.484558105
eeg 582.323059082 814.265258789 776.430725098 952.443603516
eeg 575.743103027 787.945556641 750.111022949 820.845214844
eeg 565.87322998 866.904663086 855.389770508 820.845214844
eeg 574.098144531 893.224304199 855.389770508 774.785766602
eeg 579.033081055 787.945556641 750.111022949 768.205810547
a nan nan nan nan
b nan nan nan nan
d nan nan nan nan
g nan nan nan nan
t nan nan nan nan
h 4.0 4.0 4.0 4.0
c 0.0
Aa 0.0 0.0 0.0 0.0
Ab 0.0 0.0 0.0 0.0
Ad 0.0 0.0 0.0 0.0
Ag 0.0 0.0 0.0 0.0
At 0.0 0.0 0.0 0.0
as 0.0 0.0 0.0 0.0
bs 0.0 0.0 0.0 0.0
ds 0.0 0.0 0.0 0.0
gs 0.0 0.0 0.0 0.0
ts 0.0 0.0 0.0 0.0
eeg 587.257995605 761.625915527 750.111022949 807.68536377
eeg 577.388122559 761.625915527 750.111022949 866.904663086
eeg 582.323059082 708.98651123 697.471679688 768.205810547
eeg 585.612976074 840.584960938 802.750427246 755.045959473
eeg 583.968017578 840.584960938 802.750427246 781.365661621
eeg 580.678039551 787.945556641 802.750427246 827.425109863
eeg 595.482910156 761.625915527 750.111022949 919.544006348
eeg 590.547912598 761.625915527 750.111022949 794.525512695
eeg 575.743103027 840.584960938 802.750427246 801.105407715
eeg 567.518188477 893.224304199 855.389770508 781.365661621
eeg 583.968017578 814.265258789 802.750427246 787.945556641
eeg 585.612976074 787.945556641 802.750427246 814.265258789
eeg 569.163208008 787.945556641 802.750427246 880.064453125
eeg 588.902954102 761.625915527 750.111022949 761.625915527
eeg 575.743103027 880.064453125 802.750427246 768.205810547
eeg 572.453186035 899.804260254 802.750427246 807.68536377
eeg 562.583251953 801.105407715 750.111022949 847.164855957
eeg 559.293334961 774.785766602 697.471679688 939.283752441
eeg 559.293334961 761.625915527 697.471679688 801.105407715
eeg 556.003356934 847.164855957 750.111022949 807.68536377
eeg 552.713378906 926.123962402 802.750427246 787.945556641
eeg 567.518188477 834.005004883 750.111022949 807.68536377
a nan nan nan nan
b nan nan nan nan
d nan nan nan nan
g nan nan nan nan
t nan nan nan nan
h 4.0 4.0 4.0 4.0
c 0.0
Aa 0.0 0.0 0.0 0.0
Ab 0.0 0.0 0.0 0.0
Ad 0.0 0.0 0.0 0.0
Ag 0.0 0.0 0.0 0.0
At 0.0 0.0 0.0 0.0
as 0.0 0.0 0.0 0.0
bs 0.0 0.0 0.0 0.0
ds 0.0 0.0 0.0 0.0
gs 0.0 0.0 0.0 0.0
ts 0.0 0.0 0.0 0.0
eeg 575.743103027 794.525512695 750.111022949 807.68536377
eeg 565.87322998 807.68536377 750.111022949 880.064453125
eeg 575.743103027 774.785766602 697.471679688 748.466064453
eeg 587.257995605 866.904663086 802.750427246 761.625915527
eeg 585.612976074 906.384155273 802.750427246 801.105407715
eeg 570.808166504 787.945556641 750.111022949 840.584960938
eeg 588.902954102 781.365661621 750.111022949 926.123962402
eeg 582.323059082 774.785766602 750.111022949 787.945556641
eeg 577.388122559 880.064453125 855.389770508 786.300598145
eeg 574.098144531 932.703857422 908.029174805 784.655639648
eeg 583.968017578 827.425109863 829.070068359 810.975280762
eeg 569.163208008 801.105407715 802.750427246 809.330322266
eeg 560.938293457 801.105407715 802.750427246 888.289367676
eeg 572.453186035 801.105407715 776.430725098 748.466064453
eeg 574.098144531 880.064453125 881.709472656 750.111022949
eeg 574.098144531 932.703857422 881.709472656 810.975280762
eeg 564.228271484 801.105407715 802.750427246 842.229919434
eeg 582.323059082 801.105407715 776.430725098 926.123962402
eeg 572.453186035 801.105407715 776.430725098 778.075683594
eeg 562.583251953 880.064453125 855.389770508 778.075683594
eeg 559.293334961 932.703857422 934.348815918 783.010620117
eeg 575.743103027 827.425109863 829.070068359 824.135131836
a nan nan nan nan
b nan nan nan nan
d nan nan nan nan
g nan nan nan nan
t nan nan nan nan
h 4.0 4.0 4.0 4.0
c 0.0
Aa 0.0 0.0 0.0 0.0
Ab 0.0 0.0 0.0 0.0
Ad 0.0 0.0 0.0 0.0
Ag 0.0 0.0 0.0 0.0
At 0.0 0.0 0.0 0.0
as 0.0 0.0 0.0 0.0
bs 0.0 0.0 0.0 0.0
ds 0.0 0.0 0.0 0.0
gs 0.0 0.0 0.0 0.0
ts 0.0 0.0 0.0 0.0
eeg 577.388122559 801.105407715 802.750427246 801.105407715
eeg 559.293334961 827.425109863 802.750427246 884.999450684
eeg 564.228271484 827.425109863 776.430725098 750.111022949
eeg 577.388122559 880.064453125 875.129516602 753.401000977
eeg 577.388122559 932.703857422 908.029174805 822.49017334
eeg 562.583251953 801.105407715 789.590576172 848.809875488
eeg 575.743103027 801.105407715 776.430725098 924.478942871
eeg 579.033081055 801.105407715 776.430725098 786.300598145
eeg 577.388122559 853.744812012 868.549621582 776.430725098
eeg 579.033081055 906.384155273 934.348815918 799.460449219
eeg 583.968017578 801.105407715 835.650024414 835.650024414
eeg 582.323059082 774.785766602 796.170471191 806.040344238
eeg 565.87322998 801.105407715 809.330322266 891.579345703
eeg 570.808166504 801.105407715 796.170471191 750.111022949
eeg 577.388122559 853.744812012 868.549621582 746.821105957
eeg 565.87322998 906.384155273 921.188964844 815.91027832
eeg 557.64831543 774.785766602 789.590576172 842.229919434
eeg 579.033081055 774.785766602 769.850830078 914.609069824
eeg 572.453186035 827.425109863 796.170471191 783.010620117
eeg 570.808166504 906.384155273 901.44921875 783.010620117
eeg 560.938293457 959.02355957 954.088623047 783.010620117
eeg 582.323059082 853.744812012 848.809875488 835.650024414
a nan nan nan nan
b nan nan nan nan
d nan nan nan nan
g nan nan nan nan
t nan nan nan nan
h 4.0 4.0 4.0 4.0
c 0.0
Aa 0.0 0.0 0.0 0.0
Ab 0.0 0.0 0.0 0.0
Ad 0.0 0.0 0.0 0.0
Ag 0.0 0.0 0.0 0.0
At 0.0 0.0 0.0 0.0
as 0.0 0.0 0.0 0.0
bs 0.0 0.0 0.0 0.0
ds 0.0 0.0 0.0 0.0
gs 0.0 0.0 0.0 0.0
ts 0.0 0.0 0.0 0.0
eeg 579.033081055 827.425109863 822.49017334 809.330322266
eeg 570.808166504 853.744812012 848.809875488 888.289367676
eeg 570.808166504 853.744812012 848.809875488 756.690979004
eeg 575.743103027 880.064453125 901.44921875 756.690979004
eeg 570.808166504 932.703857422 927.768920898 809.330322266
eeg 562.583251953 801.105407715 796.170471191 835.650024414
eeg 569.163208008 801.105407715 796.170471191 888.289367676
eeg 565.87322998 827.425109863 796.170471191 756.690979004
eeg 567.518188477 880.064453125 848.809875488 756.690979004
eeg 560.938293457 906.384155273 901.44921875 783.010620117
eeg 574.098144531 827.425109863 796.170471191 835.650024414
eeg 575.743103027 774.785766602 769.850830078 809.330322266
eeg 567.518188477 880.064453125 822.49017334 914.609069824
eeg 574.098144531 880.064453125 822.49017334 861.969726562
eeg 579.033081055 880.064453125 848.809875488 914.609069824
eeg 564.228271484 932.703857422 901.44921875 967.248413086
eeg 557.64831543 827.425109863 769.850830078 967.248413086
eeg 579.033081055 827.425109863 769.850830078 967.248413086
eeg 574.098144531 880.064453125 796.170471191 861.969726562
eeg 577.388122559 932.703857422 848.809875488 861.969726562
eeg 565.87322998 932.703857422 901.44921875 861.969726562
eeg 575.743103027 827.425109863 796.170471191 914.609069824
a nan nan nan nan
b nan nan nan nan
d nan nan nan nan
g nan nan nan nan
t nan nan nan nan
h 4.0 4.0 4.0 4.0
c 0.0
Aa 0.0 0.0 0.0 0.0
Ab 0.0 0.0 0.0 0.0
Ad 0.0 0.0 0.0 0.0
Ag 0.0 0.0 0.0 0.0
At 0.0 0.0 0.0 0.0
as 0.0 0.0 0.0 0.0
bs 0.0 0.0 0.0 0.0
ds 0.0 0.0 0.0 0.0
gs 0.0 0.0 0.0 0.0
ts 0.0 0.0 0.0 0.0
eeg 567.518188477 774.785766602 769.850830078 861.969726562
eeg 560.938293457 827.425109863 822.49017334 914.609069824
eeg 569.163208008 827.425109863 822.49017334 809.330322266
eeg 574.098144531 827.425109863 848.809875488 809.330322266
eeg 575.743103027 880.064453125 901.44921875 861.969726562
eeg 554.358398438 774.785766602 769.850830078 861.969726562
eeg 570.808166504 774.785766602 796.170471191 861.969726562
eeg 575.743103027 840.584960938 848.809875488 756.690979004
eeg 567.518188477 880.064453125 927.768920898 756.690979004
eeg 565.87322998 912.964111328 980.40826416 783.010620117
eeg 570.808166504 814.265258789 901.44921875 861.969726562
eeg 569.163208008 748.466064453 848.809875488 809.330322266
eeg 559.293334961 820.845214844 901.44921875 888.289367676
eeg 565.87322998 860.324707031 901.44921875 756.690979004
eeg 582.323059082 860.324707031 901.44921875 756.690979004
eeg 570.808166504 919.544006348 954.088623047 809.330322266
eeg 565.87322998 794.525512695 822.49017334 835.650024414
eeg 577.388122559 774.785766602 822.49017334 861.969726562
eeg 580.678039551 866.904663086 848.809875488 783.010620117
eeg 579.033081055 893.224304199 901.44921875 783.010620117
eeg 562.583251953 912.964111328 927.768920898 809.330322266
eeg 587.257995605 820.845214844 822.49017334 888.289367676
a nan nan nan nan
b nan nan nan nan
d nan nan nan nan
g nan nan nan nan
t nan nan nan nan
h 4.0 4.0 4.0 4.0
c 0.0
Aa 0.0 0.0 0.0 0.0
Ab 0.0 0.0 0.0 0.0
Ad 0.0 0.0 0.0 0.0
Ag 0.0 0.0 0.0 0.0
At 0.0 0.0 0.0 0.0
as 0.0 0.0 0.0 0.0
bs 0.0 0.0 0.0 0.0
ds 0.0 0.0 0.0 0.0
gs 0.0 0.0 0.0 0.0
ts 0.0 0.0 0.0 0.0
eeg 574.098144531 750.111022949 758.3359375 801.105407715
eeg 567.518188477 835.650024414 863.614685059 906.384155273
eeg 582.323059082 868.549621582 916.25402832 853.744812012
eeg 588.902954102 855.389770508 916.25402832 853.744812012
eeg 554.358398438 901.44921875 968.893432617 906.384155273
eeg 551.06842041 783.010620117 863.614685059 906.384155273
eeg 564.228271484 756.690979004 863.614685059 906.384155273
eeg 559.293334961 861.969726562 916.25402832 853.744812012
eeg 580.678039551 888.289367676 916.25402832 853.744812012
eeg 551.06842041 901.44921875 916.25402832 853.744812012
eeg 572.453186035 809.330322266 863.614685059 906.384155273
eeg 588.902954102 743.53112793 810.975280762 853.744812012
eeg 572.453186035 842.229919434 863.614685059 906.384155273
eeg 567.518188477 881.709472656 863.614685059 801.105407715
eeg 574.098144531 868.549621582 863.614685059 801.105407715
eeg 567.518188477 888.289367676 916.25402832 853.744812012
eeg 554.358398438 802.750427246 810.975280762 853.744812012
eeg 569.163208008 802.750427246 784.655639648 860.324707031
eeg 564.228271484 908.029174805 863.614685059 774.785766602
eeg 562.583251953 908.029174805 889.934387207 768.205810547
eeg 559.293334961 908.029174805 916.25402832 807.68536377
eeg 579.033081055 829.070068359 817.555236816 899.804260254
a nan nan nan nan
b nan nan nan nan
d nan nan nan nan
g nan nan nan nan
t nan nan nan nan
h 4.0 4.0 4.0 4.0
c 0.0
Aa 0.0 0.0 0.0 0.0
Ab 0.0 0.0 0.0 0.0
Ad 0.0 0.0 0.0 0.0
Ag 0.0 0.0 0.0 0.0
At 0.0 0.0 0.0 0.0
as 0.0 0.0 0.0 0.0
bs 0.0 0.0 0.0 0.0
ds 0.0 0.0 0.0 0.0
gs 0.0 0.0 0.0 0.0
ts 0.0 0.0 0.0 0.0
eeg 579.033081055 776.430725098 751.75604248 807.68536377
eeg 574.098144531 855.389770508 837.29498291 866.904663086
eeg 585.612976074 881.709472656 876.774536133 761.625915527
eeg 600.41784668 855.389770508 870.194580078 735.306213379
eeg 590.547912598 855.389770508 916.25402832 820.845214844
eeg 569.163208008 802.750427246 797.815490723 853.744812012
eeg 574.098144531 750.111022949 764.91583252 853.744812012
eeg 562.583251953 881.709472656 870.194580078 781.365661621
eeg 564.228271484 881.709472656 896.514282227 774.785766602
eeg 552.713378906 881.709472656 909.674133301 814.265258789
eeg 570.808166504 802.750427246 810.975280762 906.384155273
eeg 569.163208008 723.791320801 751.75604248 801.105407715
eeg 559.293334961 829.070068359 863.614685059 853.744812012
eeg 560.938293457 855.389770508 896.514282227 774.785766602
eeg 577.388122559 829.070068359 876.774536133 748.466064453
eeg 572.453186035 829.070068359 903.094238281 827.425109863
eeg 559.293334961 776.430725098 804.395385742 853.744812012
eeg 580.678039551 723.791320801 764.91583252 853.744812012
eeg 567.518188477 855.389770508 883.354431152 801.105407715
eeg 572.453186035 855.389770508 903.094238281 801.105407715
eeg 574.098144531 855.389770508 909.674133301 827.425109863
eeg 580.678039551 802.750427246 824.135131836 906.384155273
a nan nan nan nan
b nan nan nan nan
d nan nan nan nan
g nan nan nan nan
t nan nan nan nan
h 4.0 4.0 4.0 4.0
c 0.0
Aa 0.0 0.0 0.0 0.0
Ab 0.0 0.0 0.0 0.0
Ad 0.0 0.0 0.0 0.0
Ag 0.0 0.0 0.0 0.0
At 0.0 0.0 0.0 0.0
as 0.0 0.0 0.0 0.0
bs 0.0 0.0 0.0 0.0
ds 0.0 0.0 0.0 0.0
gs 0.0 0.0 0.0 0.0
ts 0.0 0.0 0.0 0.0
eeg 590.547912598 750.111022949 758.3359375 801.105407715
eeg 572.453186035 829.070068359 850.454833984 827.425109863
eeg 564.228271484 881.709472656 896.514282227 774.785766602
eeg 585.612976074 855.389770508 863.614685059 748.466064453
eeg 579.033081055 855.389770508 883.354431152 827.425109863
eeg 570.808166504 802.750427246 778.075683594 866.904663086
eeg 585.612976074 723.791320801 725.436340332 834.005004883
eeg 585.612976074 855.389770508 830.715087891 787.945556641
eeg 592.192932129 855.389770508 830.715087891 787.945556641
eeg 572.453186035 829.070068359 830.715087891 820.845214844
eeg 570.808166504 776.430725098 778.075683594 926.123962402
eeg 569.163208008 750.111022949 725.436340332 807.68536377
eeg 549.423461914 829.070068359 778.075683594 840.584960938
eeg 562.583251953 881.709472656 830.715087891 781.365661621
eeg 579.033081055 829.070068359 830.715087891 755.045959473
eeg 582.323059082 829.070068359 830.715087891 820.845214844
eeg 569.163208008 802.750427246 778.075683594 873.484558105
eeg 579.033081055 750.111022949 778.075683594 814.265258789
eeg 585.612976074 881.709472656 883.354431152 774.785766602
eeg 569.163208008 881.709472656 883.354431152 781.365661621
eeg 567.518188477 855.389770508 883.354431152 820.845214844
eeg 572.453186035 750.111022949 804.395385742 919.544006348
a nan nan nan nan
b nan nan nan nan
d nan nan nan nan
g nan nan nan nan
t nan nan nan nan
h 4.0 4.0 4.0 4.0
c 0.0
Aa 0.0 0.0 0.0 0.0
Ab 0.0 0.0 0.0 0.0
Ad 0.0 0.0 0.0 0.0
Ag 0.0 0.0 0.0 0.0
At 0.0 0.0 0.0 0.0
as 0.0 0.0 0.0 0.0
bs 0.0 0.0 0.0 0.0
ds 0.0 0.0 0.0 0.0
gs 0.0 0.0 0.0 0.0
ts 0.0 0.0 0.0 0.0
eeg 564.228271484 750.111022949 778.075683594 801.105407715
eeg 572.453186035 802.750427246 883.354431152 827.425109863
eeg 567.518188477 855.389770508 909.674133301 781.365661621
eeg 583.968017578 802.750427246 857.034729004 774.785766602
eeg 574.098144531 802.750427246 857.034729004 827.425109863
eeg 564.228271484 802.750427246 804.395385742 880.064453125
eeg 579.033081055 750.111022949 751.75604248 801.105407715
eeg 574.098144531 855.389770508 883.354431152 774.785766602
eeg 577.388122559 855.389770508 883.354431152 787.945556641
eeg 569.163208008 802.750427246 857.034729004 827.425109863
eeg 582.323059082 802.750427246 804.395385742 926.123962402
eeg 574.098144531 802.750427246 778.075683594 801.105407715
eeg 580.678039551 855.389770508 857.034729004 814.265258789
eeg 582.323059082 908.029174805 909.674133301 774.785766602
eeg 590.547912598 855.389770508 857.034729004 774.785766602
eeg 577.388122559 822.49017334 843.874938965 810.975280762
eeg 557.64831543 809.330322266 804.395385742 873.484558105
eeg 575.743103027 753.401000977 745.176086426 774.785766602
eeg 574.098144531 884.999450684 889.934387207 759.980895996
eeg 565.87322998 898.159240723 889.934387207 787.945556641
eeg 547.778442383 825.780151367 850.454833984 825.780151367
eeg 574.098144531 789.590576172 784.655639648 922.833984375
a nan nan nan nan
b nan nan nan nan
d nan nan nan nan
g nan nan nan nan
t nan nan nan nan
h 4.0 4.0 4.0 4.0
c 0.0
Aa 0.0 0.0 0.0 0.0
Ab 0.0 0.0 0.0 0.0
Ad 0.0 0.0 0.0 0.0
Ag 0.0 0.0 0.0 0.0
At 0.0 0.0 0.0 0.0
as 0.0 0.0 0.0 0.0
bs 0.0 0.0 0.0 0.0
ds 0.0 0.0 0.0 0.0
gs 0.0 0.0 0.0 0.0
ts 0.0 0.0 0.0 0.0
eeg 574.098144531 766.560852051 751.75604248 789.590576172
eeg 567.518188477 868.549621582 857.034729004 802.750427246
eeg 557.64831543 934.348815918 916.25402832 778.075683594
eeg 556.003356934 845.519897461 850.454833984 786.300598145
eeg 572.453186035 812.620300293 830.715087891 810.975280762
eeg 569.163208008 819.200195312 804.395385742 880.064453125
eeg 570.808166504 769.850830078 738.596191406 758.3359375
eeg 582.323059082 881.709472656 870.194580078 761.625915527
eeg 579.033081055 914.609069824 903.094238281 794.525512695
eeg 539.553527832 783.010620117 850.454833984 824.135131836
eeg 569.163208008 783.010620117 797.815490723 924.478942871
eeg 560.938293457 783.010620117 771.495788574 779.720703125
eeg 556.003356934 861.969726562 850.454833984 794.525512695
eeg 554.358398438 940.928771973 903.094238281 776.430725098
eeg 557.64831543 861.969726562 850.454833984 797.815490723
eeg 551.06842041 835.650024414 824.135131836 802.750427246
eeg 531.328674316 835.650024414 824.135131836 876.774536133
eeg 546.133483887 809.330322266 771.495788574 741.886108398
eeg 544.488464355 888.289367676 876.774536133 748.466064453
eeg 539.553527832 914.609069824 876.774536133 801.105407715
eeg 546.133483887 809.330322266 824.135131836 834.005004883
eeg 560.938293457 809.330322266 797.815490723 926.123962402
a nan nan nan nan
b nan nan nan nan
d nan nan nan nan
g nan nan nan nan
t nan nan nan nan
h 4.0 4.0 4.0 4.0
c 0.0
Aa 0.0 0.0 0.0 0.0
Ab 0.0 0.0 0.0 0.0
Ad 0.0 0.0 0.0 0.0
Ag 0.0 0.0 0.0 0.0
At 0.0 0.0 0.0 0.0
as 0.0 0.0 0.0 0.0
bs 0.0 0.0 0.0 0.0
ds 0.0 0.0 0.0 0.0
gs 0.0 0.0 0.0 0.0
ts 0.0 0.0 0.0 0.0
eeg 557.64831543 809.330322266 797.815490723 778.075683594
eeg 560.938293457 888.289367676 876.774536133 786.300598145
eeg 562.583251953 940.928771973 929.413879395 784.655639648
eeg 559.293334961 809.330322266 824.135131836 814.265258789
eeg 556.003356934 783.010620117 797.815490723 810.975280762
eeg 560.938293457 783.010620117 797.815490723 889.934387207
eeg 575.743103027 783.010620117 771.495788574 755.045959473
eeg 575.743103027 835.650024414 850.454833984 755.045959473
eeg 574.098144531 888.289367676 876.774536133 817.555236816
eeg 562.583251953 756.690979004 771.495788574 853.744812012
eeg 602.062805176 756.690979004 771.495788574 929.413879395
eeg 603.707763672 756.690979004 771.495788574 781.365661621
eeg 585.612976074 835.650024414 850.454833984 781.365661621
eeg 575.743103027 888.289367676 903.094238281 784.655639648
eeg 587.257995605 809.330322266 824.135131836 827.425109863
eeg 583.968017578 783.010620117 797.815490723 807.68536377
eeg 567.518188477 809.330322266 797.815490723 886.64440918
eeg 565.87322998 809.330322266 797.815490723 748.466064453
eeg 577.388122559 861.969726562 876.774536133 748.466064453
eeg 554.358398438 932.703857422 922.833984375 817.555236816
eeg 549.423461914 827.425109863 817.555236816 847.164855957
eeg 565.87322998 853.744812012 817.555236816 922.833984375
a nan nan nan nan
b nan nan nan nan
d nan nan nan nan
g nan nan nan nan
t nan nan nan nan
h 4.0 4.0 4.0 4.0
c 0.0
Aa 0.0 0.0 0.0 0.0
Ab 0.0 0.0 0.0 0.0
Ad 0.0 0.0 0.0 0.0
Ag 0.0 0.0 0.0 0.0
At 0.0 0.0 0.0 0.0
as 0.0 0.0 0.0 0.0
bs 0.0 0.0 0.0 0.0
ds 0.0 0.0 0.0 0.0
gs 0.0 0.0 0.0 0.0
ts 0.0 0.0 0.0 0.0
eeg 562.583251953 853.744812012 817.555236816 774.785766602
eeg 560.938293457 906.384155273 870.194580078 773.14074707
eeg 554.358398438 959.02355957 949.153686523 791.235534668
eeg 577.388122559 853.744812012 870.194580078 837.29498291
eeg 567.518188477 827.425109863 843.874938965 802.750427246
eeg 565.87322998 853.744812012 843.874938965 889.934387207
eeg 580.678039551 853.744812012 843.874938965 748.466064453
eeg 583.968017578 880.064453125 896.514282227 745.176086426
eeg 570.808166504 932.703857422 922.833984375 815.91027832
eeg 549.423461914 801.105407715 791.235534668 847.164855957
eeg 580.678039551 801.105407715 791.235534668 914.609069824
eeg 582.323059082 827.425109863 791.235534668 779.720703125
eeg 577.388122559 880.064453125 870.194580078 769.850830078
eeg 574.098144531 932.703857422 922.833984375 792.880554199
eeg 592.192932129 853.744812012 824.135131836 819.200195312
eeg 598.772827148 827.425109863 791.235534668 766.560852051
eeg 572.453186035 906.384155273 837.29498291 845.519897461
eeg 565.87322998 906.384155273 824.135131836 713.921447754
eeg 569.163208008 932.703857422 870.194580078 713.921447754
eeg 570.808166504 1011.66290283 942.573730469 766.560852051
eeg 572.453186035 880.064453125 797.815490723 792.880554199
eeg 587.257995605 880.064453125 797.815490723 845.519897461
a nan nan nan nan
b nan nan nan nan
d nan nan nan nan
g nan nan nan nan
t nan nan nan nan
h 4.0 4.0 4.0 4.0
c 0.0
Aa 0.0 0.0 0.0 0.0
Ab 0.0 0.0 0.0 0.0
Ad 0.0 0.0 0.0 0.0
Ag 0.0 0.0 0.0 0.0
At 0.0 0.0 0.0 0.0
as 0.0 0.0 0.0 0.0
bs 0.0 0.0 0.0 0.0
ds 0.0 0.0 0.0 0.0
gs 0.0 0.0 0.0 0.0
ts 0.0 0.0 0.0 0.0
eeg 585.612976074 906.384155273 817.555236816 740.241149902
eeg 579.033081055 959.02355957 889.934387207 740.241149902
eeg 562.583251953 985.343200684 942.573730469 766.560852051
eeg 585.612976074 880.064453125 824.135131836 819.200195312
eeg 588.902954102 827.425109863 784.655639648 792.880554199
eeg 569.163208008 880.064453125 817.555236816 871.839599609
eeg 559.293334961 880.064453125 830.715087891 740.241149902
eeg 572.453186035 880.064453125 857.034729004 740.241149902
eeg 552.713378906 985.343200684 962.313476562 819.200195312
eeg 562.583251953 932.703857422 857.034729004 871.839599609
eeg 570.808166504 932.703857422 883.354431152 924.478942871
eeg 554.358398438 985.343200684 935.993835449 819.200195312
eeg 567.518188477 985.343200684 988.633178711 819.200195312
eeg 562.583251953 985.343200684 1041.27258301 819.200195312
eeg 565.87322998 880.064453125 935.993835449 871.839599609
eeg 569.163208008 827.425109863 883.354431152 819.200195312
eeg 557.64831543 880.064453125 909.674133301 898.159240723
eeg 569.163208008 880.064453125 909.674133301 766.560852051
eeg 582.323059082 880.064453125 909.674133301 766.560852051
eeg 574.098144531 932.703857422 988.633178711 819.200195312
eeg 564.228271484 827.425109863 830.715087891 845.519897461
eeg 587.257995605 827.425109863 830.715087891 871.839599609
a nan nan nan nan
b nan nan nan nan
d nan nan nan nan
g nan nan nan nan
t nan nan nan nan
h 4.0 4.0 4.0 4.0
c 0.0
Aa 0.0 0.0 0.0 0.0
Ab 0.0 0.0 0.0 0.0
Ad 0.0 0.0 0.0 0.0
Ag 0.0 0.0 0.0 0.0
At 0.0 0.0 0.0 0.0
as 0.0 0.0 0.0 0.0
bs 0.0 0.0 0.0 0.0
ds 0.0 0.0 0.0 0.0
gs 0.0 0.0 0.0 0.0
ts 0.0 0.0 0.0 0.0
eeg 580.678039551 880.064453125 857.034729004 766.560852051
eeg 577.388122559 880.064453125 883.354431152 766.560852051
eeg 570.808166504 932.703857422 962.313476562 819.200195312
eeg 577.388122559 853.744812012 883.354431152 924.478942871
eeg 562.583251953 801.105407715 830.715087891 924.478942871
eeg 557.64831543 880.064453125 883.354431152 977.118347168
eeg 564.228271484 906.384155273 883.354431152 871.839599609
eeg 582.323059082 906.384155273 909.674133301 871.839599609
eeg 579.033081055 932.703857422 962.313476562 924.478942871
eeg 556.003356934 827.425109863 830.715087891 924.478942871
eeg 574.098144531 801.105407715 830.715087891 924.478942871
eeg 565.87322998 906.384155273 883.354431152 819.200195312
eeg 556.003356934 906.384155273 909.674133301 819.200195312
eeg 552.713378906 906.384155273 935.993835449 819.200195312
eeg 572.453186035 827.425109863 830.715087891 871.839599609
eeg 575.743103027 774.785766602 778.075683594 819.200195312
eeg 564.228271484 853.744812012 830.715087891 871.839599609
eeg 572.453186035 880.064453125 857.034729004 766.560852051
eeg 572.453186035 866.904663086 857.034729004 743.53112793
eeg 562.583251953 903.094238281 909.674133301 819.200195312
eeg 560.938293457 801.105407715 804.395385742 848.809875488
eeg 582.323059082 764.91583252 804.395385742 865.259643555
a nan nan nan nan
b nan nan nan nan
d nan nan nan nan
g nan nan nan nan
t nan nan nan nan
h 4.0 4.0 4.0 4.0
c 0.0
Aa 0.0 0.0 0.0 0.0
Ab 0.0 0.0 0.0 0.0
Ad 0.0 0.0 0.0 0.0
Ag 0.0 0.0 0.0 0.0
At 0.0 0.0 0.0 0.0
as 0.0 0.0 0.0 0.0
bs 0.0 0.0 0.0 0.0
ds 0.0 0.0 0.0 0.0
gs 0.0 0.0 0.0 0.0
ts 0.0 0.0 0.0 0.0
eeg 587.257995605 883.354431152 857.034729004 773.14074707
eeg 569.163208008 893.224304199 857.034729004 763.270874023
eeg 570.808166504 906.384155273 857.034729004 799.460449219
eeg 585.612976074 814.265258789 804.395385742 891.579345703
eeg 579.033081055 748.466064453 751.75604248 799.460449219
eeg 580.678039551 857.034729004 804.395385742 871.839599609
eeg 565.87322998 889.934387207 804.395385742 756.690979004
eeg 582.323059082 857.034729004 804.395385742 736.951171875
eeg 572.453186035 889.934387207 857.034729004 819.200195312
eeg 572.453186035 804.395385742 751.75604248 852.09979248
eeg 567.518188477 755.045959473 751.75604248 855.389770508
eeg 562.583251953 889.934387207 857.034729004 773.14074707
eeg 574.098144531 889.934387207 883.354431152 799.460449219
eeg 556.003356934 889.934387207 909.674133301 825.780151367
eeg 598.772827148 837.29498291 830.715087891 904.739196777
eeg 588.902954102 784.655639648 804.395385742 825.780151367
eeg 569.163208008 837.29498291 909.674133301 878.419494629
eeg 560.938293457 837.29498291 935.993835449 799.460449219
eeg 565.87322998 837.29498291 935.993835449 773.14074707
eeg 574.098144531 837.29498291 962.313476562 852.09979248
eeg 559.293334961 784.655639648 857.034729004 878.419494629
eeg 570.808166504 732.016235352 830.715087891 878.419494629
a nan nan nan nan
b nan nan nan nan
d nan nan nan nan
g nan nan nan nan
t nan nan nan nan
h 4.0 4.0 4.0 4.0
c 0.0
Aa 0.0 0.0 0.0 0.0
Ab 0.0 0.0 0.0 0.0
Ad 0.0 0.0 0.0 0.0
Ag 0.0 0.0 0.0 0.0
At 0.0 0.0 0.0 0.0
as 0.0 0.0 0.0 0.0
bs 0.0 0.0 0.0 0.0
ds 0.0 0.0 0.0 0.0
gs 0.0 0.0 0.0 0.0
ts 0.0 0.0 0.0 0.0
eeg 560.938293457 837.29498291 935.993835449 825.780151367
eeg 552.713378906 837.29498291 935.993835449 825.780151367
eeg 551.06842041 837.29498291 935.993835449 852.09979248
eeg 570.808166504 784.655639648 830.715087891 931.058898926
eeg 560.938293457 732.016235352 778.075683594 825.780151367
eeg 564.228271484 837.29498291 857.034729004 852.09979248
eeg 564.228271484 837.29498291 857.034729004 799.460449219
eeg 572.453186035 784.655639648 830.715087891 773.14074707
eeg 570.808166504 758.3359375 857.034729004 852.09979248
eeg 562.583251953 705.696594238 778.075683594 878.419494629
eeg 579.033081055 653.057189941 751.75604248 852.09979248
eeg 569.163208008 784.655639648 857.034729004 799.460449219
eeg 580.678039551 784.655639648 857.034729004 799.460449219
eeg 552.713378906 784.655639648 857.034729004 825.780151367
eeg 579.033081055 732.016235352 778.075683594 904.739196777
eeg 577.388122559 705.696594238 725.436340332 799.460449219
eeg 562.583251953 810.975280762 804.395385742 825.780151367
eeg 564.228271484 863.614685059 857.034729004 773.14074707
eeg 583.968017578 810.975280762 830.715087891 746.821105957
eeg 597.127868652 810.975280762 857.034729004 799.460449219
eeg 567.518188477 784.655639648 804.395385742 825.780151367
eeg 546.133483887 732.016235352 751.75604248 799.460449219
a nan nan nan nan
b nan nan nan nan
d nan nan nan nan
g nan nan nan nan
t nan nan nan nan
h 4.0 4.0 4.0 4.0
c 0.0
Aa 0.0 0.0 0.0 0.0
Ab 0.0 0.0 0.0 0.0
Ad 0.0 0.0 0.0 0.0
Ag 0.0 0.0 0.0 0.0
At 0.0 0.0 0.0 0.0
as 0.0 0.0 0.0 0.0
bs 0.0 0.0 0.0 0.0
ds 0.0 0.0 0.0 0.0
gs 0.0 0.0 0.0 0.0
ts 0.0 0.0 0.0 0.0
eeg 552.713378906 837.29498291 857.034729004 799.460449219
eeg 539.553527832 837.29498291 857.034729004 799.460449219
eeg 557.64831543 810.975280762 857.034729004 825.780151367
eeg 580.678039551 758.3359375 804.395385742 904.739196777
eeg 574.098144531 732.016235352 751.75604248 799.460449219
eeg 564.228271484 810.975280762 830.715087891 825.780151367
eeg 565.87322998 863.614685059 883.354431152 773.14074707
eeg 580.678039551 810.975280762 830.715087891 773.14074707
eeg 565.87322998 810.975280762 830.715087891 825.780151367
eeg 567.518188477 810.975280762 778.075683594 878.419494629
eeg 588.902954102 758.3359375 725.436340332 825.780151367
eeg 587.257995605 889.934387207 857.034729004 799.460449219
eeg 572.453186035 889.934387207 857.034729004 799.460449219
eeg 565.87322998 837.29498291 857.034729004 825.780151367
eeg 577.388122559 784.655639648 778.075683594 904.739196777
eeg 565.87322998 758.3359375 751.75604248 799.460449219
eeg 569.163208008 858.679748535 853.744812012 814.265258789
eeg 562.583251953 884.999450684 853.744812012 774.785766602
eeg 587.257995605 806.040344238 748.466064453 781.365661621
eeg 580.678039551 806.040344238 748.466064453 820.845214844
eeg 565.87322998 806.040344238 748.466064453 886.64440918
eeg 575.743103027 753.401000977 695.826660156 794.525512695
a nan nan nan nan
b nan nan nan nan
d nan nan nan nan
g nan nan nan nan
t nan nan nan nan
h 4.0 4.0 4.0 4.0
c 0.0
Aa 0.0 0.0 0.0 0.0
Ab 0.0 0.0 0.0 0.0
Ad 0.0 0.0 0.0 0.0
Ag 0.0 0.0 0.0 0.0
At 0.0 0.0 0.0 0.0
as 0.0 0.0 0.0 0.0
bs 0.0 0.0 0.0 0.0
ds 0.0 0.0 0.0 0.0
gs 0.0 0.0 0.0 0.0
ts 0.0 0.0 0.0 0.0
eeg 577.388122559 884.999450684 801.105407715 774.785766602
eeg 574.098144531 884.999450684 801.105407715 794.525512695
eeg 546.133483887 832.360046387 801.105407715 834.005004883
eeg 557.64831543 806.040344238 748.466064453 926.123962402
eeg 560.938293457 779.720703125 748.466064453 787.945556641
eeg 547.778442383 858.679748535 801.105407715 807.68536377
eeg 559.293334961 911.319091797 853.744812012 781.365661621
eeg 569.163208008 832.360046387 801.105407715 781.365661621
eeg 554.358398438 806.040344238 801.105407715 807.68536377
eeg 547.778442383 806.040344238 801.105407715 873.484558105
eeg 557.64831543 753.401000977 748.466064453 761.625915527
eeg 575.743103027 878.419494629 853.744812012 761.625915527
eeg 579.033081055 908.029174805 827.425109863 801.105407715
eeg 564.228271484 812.620300293 774.785766602 840.584960938
eeg 582.323059082 779.720703125 722.146362305 932.703857422
eeg 575.743103027 766.560852051 695.826660156 801.105407715
eeg 580.678039551 855.389770508 774.785766602 801.105407715
eeg 580.678039551 934.348815918 827.425109863 781.365661621
eeg 593.837890625 832.360046387 748.466064453 801.105407715
eeg 582.323059082 802.750427246 748.466064453 807.68536377
eeg 570.808166504 812.620300293 722.146362305 880.064453125
eeg 575.743103027 776.430725098 695.826660156 748.466064453
a nan nan nan nan
b nan nan nan nan
d nan nan nan nan
g nan nan nan nan
t nan nan nan nan
h 4.0 4.0 4.0 4.0
c 0.0
Aa 0.0 0.0 0.0 0.0
Ab 0.0 0.0 0.0 0.0
Ad 0.0 0.0 0.0 0.0
Ag 0.0 0.0 0.0 0.0
At 0.0 0.0 0.0 0.0
as 0.0 0.0 0.0 0.0
bs 0.0 0.0 0.0 0.0
ds 0.0 0.0 0.0 0.0
gs 0.0 0.0 0.0 0.0
ts 0.0 0.0 0.0 0.0
eeg 587.257995605 875.129516602 827.425109863 755.045959473
eeg 577.388122559 917.899047852 827.425109863 794.525512695
eeg 564.228271484 799.460449219 774.785766602 834.005004883
eeg 592.192932129 779.720703125 748.466064453 919.544006348
eeg 570.808166504 773.14074707 748.466064453 781.365661621
eeg 559.293334961 878.419494629 827.425109863 784.655639648
eeg 559.293334961 957.378540039 880.064453125 781.365661621
eeg 564.228271484 852.09979248 801.105407715 809.330322266
eeg 564.228271484 825.780151367 801.105407715 802.750427246
eeg 549.423461914 825.780151367 801.105407715 883.354431152
eeg 552.713378906 825.780151367 774.785766602 743.53112793
eeg 562.583251953 904.739196777 880.064453125 745.176086426
eeg 557.64831543 931.058898926 880.064453125 809.330322266
eeg 536.26361084 799.460449219 801.105407715 837.29498291
eeg 564.228271484 799.460449219 774.785766602 927.768920898
eeg 559.293334961 799.460449219 774.785766602 779.720703125
eeg 552.713378906 878.419494629 853.744812012 779.720703125
eeg 560.938293457 931.058898926 906.384155273 789.590576172
eeg 567.518188477 825.780151367 827.425109863 822.49017334
eeg 577.388122559 799.460449219 801.105407715 806.040344238
eeg 574.098144531 825.780151367 801.105407715 884.999450684
eeg 583.968017578 852.09979248 769.850830078 779.720703125
a nan nan nan nan
b nan nan nan nan
d nan nan nan nan
g nan nan nan nan
t nan nan nan nan
h 4.0 4.0 4.0 4.0
c 0.0
Aa 0.0 0.0 0.0 0.0
Ab 0.0 0.0 0.0 0.0
Ad 0.0 0.0 0.0 0.0
Ag 0.0 0.0 0.0 0.0
At 0.0 0.0 0.0 0.0
as 0.0 0.0 0.0 0.0
bs 0.0 0.0 0.0 0.0
ds 0.0 0.0 0.0 0.0
gs 0.0 0.0 0.0 0.0
ts 0.0 0.0 0.0 0.0
eeg 579.033081055 904.739196777 873.484558105 806.040344238
eeg 565.87322998 931.058898926 901.44921875 858.679748535
eeg 570.808166504 799.460449219 791.235534668 884.999450684
eeg 574.098144531 799.460449219 781.365661621 963.958496094
eeg 577.388122559 799.460449219 773.14074707 832.360046387
eeg 569.163208008 852.09979248 870.194580078 832.360046387
eeg 542.843505859 904.739196777 934.348815918 832.360046387
eeg 565.87322998 799.460449219 817.555236816 858.679748535
eeg 559.293334961 773.14074707 792.880554199 832.360046387
eeg 556.003356934 799.460449219 797.815490723 911.319091797
eeg 552.713378906 799.460449219 791.235534668 779.720703125
eeg 557.64831543 852.09979248 875.129516602 779.720703125
eeg 544.488464355 904.739196777 919.544006348 832.360046387
eeg 546.133483887 773.14074707 791.235534668 832.360046387
eeg 567.518188477 773.14074707 768.205810547 911.319091797
eeg 575.743103027 825.780151367 794.525512695 806.040344238
eeg 556.003356934 904.739196777 873.484558105 806.040344238
eeg 542.843505859 957.378540039 926.123962402 806.040344238
eeg 572.453186035 852.09979248 820.845214844 858.679748535
eeg 564.228271484 825.780151367 794.525512695 832.360046387
eeg 572.453186035 852.09979248 820.845214844 911.319091797
eeg 567.518188477 852.09979248 820.845214844 779.720703125
a nan nan nan nan
b nan nan nan nan
d nan nan nan nan
g nan nan nan nan
t nan nan nan nan
h 4.0 4.0 4.0 4.0
c 0.0
Aa 0.0 0.0 0.0 0.0
Ab 0.0 0.0 0.0 0.0
Ad 0.0 0.0 0.0 0.0
Ag 0.0 0.0 0.0 0.0
At 0.0 0.0 0.0 0.0
as 0.0 0.0 0.0 0.0
bs 0.0 0.0 0.0 0.0
ds 0.0 0.0 0.0 0.0
gs 0.0 0.0 0.0 0.0
ts 0.0 0.0 0.0 0.0
eeg 572.453186035 878.419494629 873.484558105 779.720703125
eeg 570.808166504 931.058898926 899.804260254 832.360046387
eeg 567.518188477 799.460449219 768.205810547 858.679748535
eeg 579.033081055 799.460449219 768.205810547 911.319091797
eeg 570.808166504 825.780151367 768.205810547 779.720703125
eeg 565.87322998 878.419494629 847.164855957 779.720703125
eeg 569.163208008 904.739196777 899.804260254 779.720703125
eeg 590.547912598 825.780151367 794.525512695 832.360046387
eeg 567.518188477 773.14074707 768.205810547 806.040344238
eeg 567.518188477 878.419494629 820.845214844 911.319091797
eeg 569.163208008 931.058898926 847.164855957 858.679748535
eeg 579.033081055 983.698242188 926.123962402 858.679748535
eeg 580.678039551 1036.33764648 978.763305664 911.319091797
eeg 560.938293457 878.419494629 847.164855957 911.319091797
eeg 572.453186035 878.419494629 847.164855957 963.958496094
eeg 567.518188477 878.419494629 847.164855957 858.679748535
eeg 559.293334961 931.058898926 899.804260254 858.679748535
eeg 559.293334961 931.058898926 952.443603516 858.679748535
eeg 570.808166504 825.780151367 847.164855957 911.319091797
eeg 574.098144531 773.14074707 820.845214844 858.679748535
eeg 557.64831543 825.780151367 847.164855957 911.319091797
eeg 554.358398438 825.780151367 847.164855957 806.040344238
a nan nan nan nan
b nan nan nan nan
d nan nan nan nan
g nan nan nan nan
t nan nan nan nan
h 4.0 4.0 4.0 4.0
c 0.0
Aa 0.0 0.0 0.0 0.0
Ab 0.0 0.0 0.0 0.0
Ad 0.0 0.0 0.0 0.0
Ag 0.0 0.0 0.0 0.0
At 0.0 0.0 0.0 0.0
as 0.0 0.0 0.0 0.0
bs 0.0 0.0 0.0 0.0
ds 0.0 0.0 0.0 0.0
gs 0.0 0.0 0.0 0.0
ts 0.0 0.0 0.0 0.0
eeg 574.098144531 825.780151367 873.484558105 806.040344238
eeg 572.453186035 878.419494629 926.123962402 858.679748535
eeg 564.228271484 773.14074707 794.525512695 858.679748535
eeg 565.87322998 766.560852051 820.845214844 884.999450684
eeg 574.098144531 838.940002441 873.484558105 779.720703125
eeg 579.033081055 884.999450684 952.443603516 779.720703125
eeg 560.938293457 917.899047852 1005.08300781 806.040344238
eeg 570.808166504 819.200195312 926.123962402 858.679748535
eeg 574.098144531 753.401000977 873.484558105 806.040344238
eeg 560.938293457 832.360046387 926.123962402 884.999450684
eeg 582.323059082 865.259643555 926.123962402 753.401000977
eeg 592.192932129 865.259643555 926.123962402 753.401000977
eeg 590.547912598 924.478942871 978.763305664 832.360046387
eeg 569.163208008 792.880554199 820.845214844 858.679748535
eeg 582.323059082 773.14074707 820.845214844 884.999450684
eeg 569.163208008 865.259643555 847.164855957 779.720703125
eeg 572.453186035 898.159240723 899.804260254 779.720703125
eeg 562.583251953 917.899047852 926.123962402 806.040344238
eeg 574.098144531 825.780151367 820.845214844 884.999450684
eeg 564.228271484 746.821105957 820.845214844 884.999450684
eeg 552.713378906 825.780151367 926.123962402 937.638793945
eeg 564.228271484 852.09979248 978.763305664 832.360046387
a nan nan nan nan
b nan nan nan nan
d nan nan nan nan
g nan nan nan nan
t nan nan nan nan
h 4.0 4.0 4.0 4.0
c 0.0
Aa 0.0 0.0 0.0 0.0
Ab 0.0 0.0 0.0 0.0
Ad 0.0 0.0 0.0 0.0
Ag 0.0 0.0 0.0 0.0
At 0.0 0.0 0.0 0.0
as 0.0 0.0 0.0 0.0
bs 0.0 0.0 0.0 0.0
ds 0.0 0.0 0.0 0.0
gs 0.0 0.0 0.0 0.0
ts 0.0 0.0 0.0 0.0
eeg 577.388122559 852.09979248 978.763305664 832.360046387
eeg 560.938293457 878.419494629 1031.40270996 884.999450684
eeg 557.64831543 773.14074707 926.123962402 884.999450684
eeg 575.743103027 773.14074707 926.123962402 884.999450684
eeg 559.293334961 878.419494629 978.763305664 832.360046387
eeg 559.293334961 878.419494629 978.763305664 832.360046387
eeg 565.87322998 878.419494629 978.763305664 832.360046387
eeg 575.743103027 799.460449219 873.484558105 884.999450684
eeg 577.388122559 746.821105957 820.845214844 832.360046387
eeg 546.133483887 852.09979248 873.484558105 884.999450684
eeg 537.908569336 878.419494629 873.484558105 779.720703125
eeg 567.518188477 878.419494629 873.484558105 779.720703125
eeg 557.64831543 904.739196777 926.123962402 832.360046387
eeg 557.64831543 802.750427246 792.880554199 855.389770508
eeg 577.388122559 802.750427246 792.880554199 855.389770508
eeg 583.968017578 908.029174805 871.839599609 776.430725098
eeg 580.678039551 908.029174805 898.159240723 776.430725098
eeg 579.033081055 908.029174805 924.478942871 802.750427246
eeg 585.612976074 829.070068359 819.200195312 881.709472656
eeg 570.808166504 776.430725098 766.560852051 802.750427246
eeg 570.808166504 855.389770508 845.519897461 855.389770508
eeg 570.808166504 881.709472656 871.839599609 750.111022949
a nan nan nan nan
b nan nan nan nan
d nan nan nan nan
g nan nan nan nan
t nan nan nan nan
h 4.0 4.0 4.0 4.0
c 0.0
Aa 0.0 0.0 0.0 0.0
Ab 0.0 0.0 0.0 0.0
Ad 0.0 0.0 0.0 0.0
Ag 0.0 0.0 0.0 0.0
At 0.0 0.0 0.0 0.0
as 0.0 0.0 0.0 0.0
bs 0.0 0.0 0.0 0.0
ds 0.0 0.0 0.0 0.0
gs 0.0 0.0 0.0 0.0
ts 0.0 0.0 0.0 0.0
eeg 570.808166504 855.389770508 871.839599609 750.111022949
eeg 580.678039551 855.389770508 898.159240723 829.070068359
eeg 569.163208008 802.750427246 792.880554199 855.389770508
eeg 579.033081055 750.111022949 766.560852051 855.389770508
eeg 583.968017578 881.709472656 871.839599609 802.750427246
eeg 567.518188477 881.709472656 898.159240723 802.750427246
eeg 554.358398438 881.709472656 898.159240723 829.070068359
eeg 575.743103027 802.750427246 819.200195312 908.029174805
eeg 564.228271484 750.111022949 759.980895996 802.750427246
eeg 559.293334961 829.070068359 858.679748535 829.070068359
eeg 562.583251953 855.389770508 891.579345703 750.111022949
eeg 565.87322998 829.070068359 865.259643555 750.111022949
eeg 562.583251953 829.070068359 898.159240723 829.070068359
eeg 556.003356934 776.430725098 792.880554199 855.389770508
eeg 582.323059082 723.791320801 766.560852051 855.389770508
eeg 582.323059082 855.389770508 884.999450684 802.750427246
eeg 574.098144531 855.389770508 904.739196777 802.750427246
eeg 557.64831543 855.389770508 904.739196777 829.070068359
eeg 570.808166504 802.750427246 812.620300293 934.348815918
eeg 587.257995605 750.111022949 753.401000977 829.070068359
eeg 574.098144531 855.389770508 852.09979248 855.389770508
eeg 567.518188477 881.709472656 898.159240723 776.430725098
a nan nan nan nan
b nan nan nan nan
d nan nan nan nan
g nan nan nan nan
t nan nan nan nan
h 4.0 4.0 4.0 4.0
c 0.0
Aa 0.0 0.0 0.0 0.0
Ab 0.0 0.0 0.0 0.0
Ad 0.0 0.0 0.0 0.0
Ag 0.0 0.0 0.0 0.0
At 0.0 0.0 0.0 0.0
as 0.0 0.0 0.0 0.0
bs 0.0 0.0 0.0 0.0
ds 0.0 0.0 0.0 0.0
gs 0.0 0.0 0.0 0.0
ts 0.0 0.0 0.0 0.0
eeg 587.257995605 855.389770508 858.679748535 750.111022949
eeg 575.743103027 855.389770508 878.419494629 829.070068359
eeg 551.06842041 802.750427246 773.14074707 861.969726562
eeg 559.293334961 723.791320801 720.501403809 829.070068359
eeg 565.87322998 829.070068359 825.780151367 776.430725098
eeg 559.293334961 829.070068359 852.09979248 776.430725098
eeg 557.64831543 802.750427246 852.09979248 815.91027832
eeg 575.743103027 750.111022949 773.14074707 914.609069824
eeg 572.453186035 723.791320801 720.501403809 796.170471191
eeg 552.713378906 802.750427246 799.460449219 829.070068359
eeg 556.003356934 855.389770508 852.09979248 763.270874023
eeg 556.003356934 802.750427246 825.780151367 750.111022949
eeg 556.003356934 802.750427246 825.780151367 809.330322266
eeg 556.003356934 776.430725098 773.14074707 861.969726562
eeg 574.098144531 723.791320801 746.821105957 809.330322266
eeg 580.678039551 881.709472656 878.419494629 776.430725098
eeg 569.163208008 881.709472656 878.419494629 776.430725098
eeg 554.358398438 855.389770508 878.419494629 815.91027832
eeg 567.518188477 750.111022949 773.14074707 921.188964844
eeg 562.583251953 750.111022949 720.501403809 815.91027832
eeg 556.003356934 802.750427246 825.780151367 842.229919434
eeg 565.87322998 855.389770508 852.09979248 789.590576172
a nan nan nan nan
b nan nan nan nan
d nan nan nan nan
g nan nan nan nan
t nan nan nan nan
h 4.0 4.0 4.0 4.0
c 0.0
Aa 0.0 0.0 0.0 0.0
Ab 0.0 0.0 0.0 0.0
Ad 0.0 0.0 0.0 0.0
Ag 0.0 0.0 0.0 0.0
At 0.0 0.0 0.0 0.0
as 0.0 0.0 0.0 0.0
bs 0.0 0.0 0.0 0.0
ds 0.0 0.0 0.0 0.0
gs 0.0 0.0 0.0 0.0
ts 0.0 0.0 0.0 0.0
eeg 575.743103027 802.750427246 825.780151367 789.590576172
eeg 565.87322998 802.750427246 825.780151367 842.229919434
eeg 559.293334961 802.750427246 799.460449219 894.86932373
eeg 569.163208008 750.111022949 746.821105957 842.229919434
eeg 565.87322998 855.389770508 878.419494629 815.91027832
eeg 556.003356934 855.389770508 878.419494629 815.91027832
eeg 544.488464355 802.750427246 852.09979248 842.229919434
eeg 560.938293457 802.750427246 799.460449219 921.188964844
eeg 565.87322998 802.750427246 773.14074707 789.590576172
eeg 562.583251953 855.389770508 852.09979248 789.590576172
eeg 557.64831543 908.029174805 904.739196777 763.270874023
eeg 562.583251953 855.389770508 852.09979248 763.270874023
eeg 567.518188477 822.49017334 825.780151367 809.330322266
eeg 557.64831543 809.330322266 773.14074707 881.709472656
eeg 569.163208008 753.401000977 720.501403809 783.010620117
eeg 580.678039551 878.419494629 852.09979248 769.850830078
eeg 575.743103027 903.094238281 878.419494629 796.170471191
eeg 556.003356934 822.49017334 825.780151367 835.650024414
eeg 570.808166504 787.945556641 773.14074707 927.768920898
eeg 570.808166504 763.270874023 746.821105957 789.590576172
eeg 565.87322998 855.389770508 799.460449219 802.750427246
eeg 559.293334961 931.058898926 878.419494629 783.010620117
a nan nan nan nan
b nan nan nan nan
d nan nan nan nan
g nan nan nan nan
t nan nan nan nan
h 4.0 4.0 4.0 4.0
c 0.0
Aa 0.0 0.0 0.0 0.0
Ab 0.0 0.0 0.0 0.0
Ad 0.0 0.0 0.0 0.0
Ag 0.0 0.0 0.0 0.0
At 0.0 0.0 0.0 0.0
as 0.0 0.0 0.0 0.0
bs 0.0 0.0 0.0 0.0
ds 0.0 0.0 0.0 0.0
gs 0.0 0.0 0.0 0.0
ts 0.0 0.0 0.0 0.0
eeg 570.808166504 838.940002441 825.780151367 789.590576172
eeg 567.518188477 809.330322266 825.780151367 809.330322266
eeg 559.293334961 817.555236816 799.460449219 875.129516602
eeg 556.003356934 766.560852051 746.821105957 756.690979004
eeg 560.938293457 880.064453125 878.419494629 756.690979004
eeg 552.713378906 912.964111328 904.739196777 796.170471191
eeg 549.423461914 804.395385742 799.460449219 832.360046387
eeg 570.808166504 784.655639648 799.460449219 924.478942871
eeg 570.808166504 771.495788574 799.460449219 784.655639648
eeg 567.518188477 853.744812012 852.09979248 792.880554199
eeg 564.228271484 932.703857422 904.739196777 779.720703125
eeg 572.453186035 830.715087891 852.09979248 799.460449219
eeg 569.163208008 801.105407715 852.09979248 806.040344238
eeg 565.87322998 814.265258789 852.09979248 884.999450684
eeg 582.323059082 781.365661621 799.460449219 745.176086426
eeg 597.127868652 880.064453125 904.739196777 753.401000977
eeg 580.678039551 916.25402832 904.739196777 802.750427246
eeg 544.488464355 797.815490723 852.09979248 835.650024414
eeg 560.938293457 781.365661621 852.09979248 926.123962402
eeg 552.713378906 778.075683594 852.09979248 783.010620117
eeg 551.06842041 870.194580078 904.739196777 784.655639648
eeg 554.358398438 935.993835449 957.378540039 771.495788574
a nan nan nan nan
b nan nan nan nan
d nan nan nan nan
g nan nan nan nan
t nan nan nan nan
h 4.0 4.0 4.0 4.0
c 0.0
Aa 0.0 0.0 0.0 0.0
Ab 0.0 0.0 0.0 0.0
Ad 0.0 0.0 0.0 0.0
Ag 0.0 0.0 0.0 0.0
At 0.0 0.0 0.0 0.0
as 0.0 0.0 0.0 0.0
bs 0.0 0.0 0.0 0.0
ds 0.0 0.0 0.0 0.0
gs 0.0 0.0 0.0 0.0
ts 0.0 0.0 0.0 0.0
eeg 564.228271484 857.034729004 852.09979248 817.555236816
eeg 541.198547363 830.715087891 825.780151367 810.975280762
eeg 537.908569336 830.715087891 825.780151367 889.934387207
eeg 551.06842041 830.715087891 799.460449219 758.3359375
eeg 547.778442383 883.354431152 878.419494629 758.3359375
eeg 546.133483887 935.993835449 904.739196777 824.135131836
eeg 541.198547363 804.395385742 799.460449219 857.034729004
eeg 549.423461914 804.395385742 799.460449219 935.993835449
eeg 560.938293457 804.395385742 799.460449219 784.655639648
eeg 546.133483887 883.354431152 852.09979248 784.655639648
eeg 549.423461914 935.993835449 931.058898926 784.655639648
eeg 567.518188477 830.715087891 852.09979248 824.135131836
eeg 564.228271484 804.395385742 825.780151367 797.815490723
eeg 560.938293457 830.715087891 825.780151367 883.354431152
eeg 567.518188477 830.715087891 799.460449219 745.176086426
eeg 577.388122559 883.354431152 878.419494629 745.176086426
eeg 569.163208008 935.993835449 911.319091797 824.135131836
eeg 564.228271484 830.715087891 786.300598145 876.774536133
eeg 574.098144531 857.034729004 773.14074707 955.733581543
eeg 575.743103027 857.034729004 773.14074707 824.135131836
eeg 574.098144531 909.674133301 858.679748535 824.135131836
eeg 565.87322998 962.313476562 931.058898926 824.135131836
a nan nan nan nan
b nan nan nan nan
d nan nan nan nan
g nan nan nan nan
t nan nan nan nan
h 4.0 4.0 4.0 4.0
c 0.0
Aa 0.0 0.0 0.0 0.0
Ab 0.0 0.0 0.0 0.0
Ad 0.0 0.0 0.0 0.0
Ag 0.0 0.0 0.0 0.0
At 0.0 0.0 0.0 0.0
as 0.0 0.0 0.0 0.0
bs 0.0 0.0 0.0 0.0
ds 0.0 0.0 0.0 0.0
gs 0.0 0.0 0.0 0.0
ts 0.0 0.0 0.0 0.0
eeg 575.743103027 857.034729004 825.780151367 850.454833984
eeg 557.64831543 830.715087891 792.880554199 824.135131836
eeg 546.133483887 857.034729004 806.040344238 903.094238281
eeg 551.06842041 857.034729004 792.880554199 771.495788574
eeg 562.583251953 883.354431152 858.679748535 771.495788574
eeg 559.293334961 935.993835449 924.478942871 824.135131836
eeg 534.618591309 804.395385742 786.300598145 850.454833984
eeg 552.713378906 804.395385742 779.720703125 903.094238281
eeg 560.938293457 830.715087891 786.300598145 771.495788574
eeg 567.518188477 883.354431152 871.839599609 771.495788574
eeg 552.713378906 931.058898926 935.993835449 783.010620117
eeg 570.808166504 852.09979248 824.135131836 835.650024414
eeg 564.228271484 825.780151367 791.235534668 835.650024414
eeg 560.938293457 878.419494629 817.555236816 888.289367676
eeg 570.808166504 904.739196777 817.555236816 783.010620117
eeg 579.033081055 931.058898926 870.194580078 783.010620117
eeg 569.163208008 1010.01794434 935.993835449 835.650024414
eeg 554.358398438 878.419494629 797.815490723 835.650024414
eeg 572.453186035 878.419494629 791.235534668 888.289367676
eeg 551.06842041 904.739196777 810.975280762 783.010620117
eeg 557.64831543 957.378540039 863.614685059 783.010620117
eeg 551.06842041 983.698242188 935.993835449 783.010620117
a nan nan nan nan
b nan nan nan nan
d nan nan nan nan
g nan nan nan nan
t nan nan nan nan
h 4.0 4.0 4.0 4.0
c 0.0
Aa 0.0 0.0 0.0 0.0
Ab 0.0 0.0 0.0 0.0
Ad 0.0 0.0 0.0 0.0
Ag 0.0 0.0 0.0 0.0
At 0.0 0.0 0.0 0.0
as 0.0 0.0 0.0 0.0
bs 0.0 0.0 0.0 0.0
ds 0.0 0.0 0.0 0.0
gs 0.0 0.0 0.0 0.0
ts 0.0 0.0 0.0 0.0
eeg 574.098144531 878.419494629 824.135131836 835.650024414
eeg 569.163208008 825.780151367 784.655639648 783.010620117
eeg 572.453186035 878.419494629 824.135131836 835.650024414
eeg 570.808166504 878.419494629 824.135131836 730.371276855
eeg 569.163208008 878.419494629 857.034729004 730.371276855
eeg 570.808166504 983.698242188 962.313476562 809.330322266
eeg 556.003356934 931.058898926 857.034729004 861.969726562
eeg 574.098144531 931.058898926 857.034729004 888.289367676
eeg 574.098144531 983.698242188 883.354431152 783.010620117
eeg 564.228271484 983.698242188 935.993835449 783.010620117
eeg 551.06842041 983.698242188 962.313476562 809.330322266
eeg 579.033081055 878.419494629 857.034729004 861.969726562
eeg 565.87322998 825.780151367 830.715087891 809.330322266
eeg 560.938293457 878.419494629 857.034729004 888.289367676
eeg 564.228271484 878.419494629 857.034729004 756.690979004
eeg 567.518188477 878.419494629 883.354431152 756.690979004
eeg 565.87322998 931.058898926 935.993835449 809.330322266
eeg 556.003356934 825.780151367 804.395385742 835.650024414
eeg 560.938293457 825.780151367 804.395385742 861.969726562
eeg 569.163208008 878.419494629 830.715087891 756.690979004
eeg 560.938293457 878.419494629 883.354431152 756.690979004
eeg 546.133483887 931.058898926 935.993835449 809.330322266
a nan nan nan nan
b nan nan nan nan
d nan nan nan nan
g nan nan nan nan
t nan nan nan nan
h 4.0 4.0 4.0 4.0
c 0.0
Aa 0.0 0.0 0.0 0.0
Ab 0.0 0.0 0.0 0.0
Ad 0.0 0.0 0.0 0.0
Ag 0.0 0.0 0.0 0.0
At 0.0 0.0 0.0 0.0
as 0.0 0.0 0.0 0.0
bs 0.0 0.0 0.0 0.0
ds 0.0 0.0 0.0 0.0
gs 0.0 0.0 0.0 0.0
ts 0.0 0.0 0.0 0.0
eeg 570.808166504 931.058898926 857.034729004 914.609069824
eeg 560.938293457 878.419494629 830.715087891 914.609069824
eeg 554.358398438 931.058898926 909.674133301 967.248413086
eeg 557.64831543 931.058898926 935.993835449 861.969726562
eeg 574.098144531 931.058898926 988.633178711 861.969726562
eeg 557.64831543 983.698242188 1041.27258301 914.609069824
eeg 511.588897705 878.419494629 883.354431152 914.609069824
eeg 534.618591309 878.419494629 883.354431152 914.609069824
eeg 537.908569336 931.058898926 909.674133301 809.330322266
eeg 541.198547363 931.058898926 935.993835449 809.330322266
eeg 541.198547363 931.058898926 962.313476562 809.330322266
eeg 556.003356934 878.419494629 857.034729004 861.969726562
eeg 547.778442383 825.780151367 804.395385742 809.330322266
eeg 552.713378906 878.419494629 857.034729004 861.969726562
eeg 560.938293457 878.419494629 857.034729004 756.690979004
eeg 557.64831543 858.679748535 909.674133301 740.241149902
eeg 572.453186035 904.739196777 1014.95288086 812.620300293
eeg 557.64831543 799.460449219 909.674133301 848.809875488
eeg 551.06842041 766.560852051 909.674133301 868.549621582
eeg 562.583251953 884.999450684 962.313476562 773.14074707
eeg 554.358398438 898.159240723 962.313476562 763.270874023
eeg 546.133483887 904.739196777 962.313476562 799.460449219
a nan nan nan nan
b nan nan nan nan
d nan nan nan nan
g nan nan nan nan
t nan nan nan nan
h 4.0 4.0 4.0 4.0
c 0.0
Aa 0.0 0.0 0.0 0.0
Ab 0.0 0.0 0.0 0.0
Ad 0.0 0.0 0.0 0.0
Ag 0.0 0.0 0.0 0.0
At 0.0 0.0 0.0 0.0
as 0.0 0.0 0.0 0.0
bs 0.0 0.0 0.0 0.0
ds 0.0 0.0 0.0 0.0
gs 0.0 0.0 0.0 0.0
ts 0.0 0.0 0.0 0.0
eeg 565.87322998 806.040344238 857.034729004 891.579345703
eeg 559.293334961 746.821105957 804.395385742 802.750427246
eeg 552.713378906 852.09979248 857.034729004 875.129516602
eeg 552.713378906 884.999450684 857.034729004 756.690979004
eeg 564.228271484 858.679748535 857.034729004 736.951171875
eeg 556.003356934 884.999450684 909.674133301 815.91027832
eeg 537.908569336 799.460449219 804.395385742 848.809875488
eeg 549.423461914 759.980895996 804.395385742 858.679748535
eeg 544.488464355 891.579345703 857.034729004 776.430725098
eeg 544.488464355 891.579345703 883.354431152 776.430725098
eeg 547.778442383 891.579345703 935.993835449 802.750427246
eeg 565.87322998 838.940002441 857.034729004 881.709472656
eeg 572.453186035 786.300598145 804.395385742 802.750427246
eeg 565.87322998 838.940002441 883.354431152 855.389770508
eeg 575.743103027 838.940002441 909.674133301 750.111022949
eeg 580.678039551 838.940002441 909.674133301 750.111022949
eeg 582.323059082 838.940002441 935.993835449 829.070068359
eeg 567.518188477 786.300598145 830.715087891 855.389770508
eeg 575.743103027 733.661254883 830.715087891 855.389770508
eeg 585.612976074 838.940002441 935.993835449 802.750427246
eeg 564.228271484 838.940002441 935.993835449 802.750427246
eeg 554.358398438 838.940002441 935.993835449 829.070068359
a nan nan nan nan
b nan nan nan nan
d nan nan nan nan
g nan nan nan nan
t nan nan nan nan
h 4.0 4.0 4.0 4.0
c 0.0
Aa 0.0 0.0 0.0 0.0
Ab 0.0 0.0 0.0 0.0
Ad 0.0 0.0 0.0 0.0
Ag 0.0 0.0 0.0 0.0
At 0.0 0.0 0.0 0.0
as 0.0 0.0 0.0 0.0
bs 0.0 0.0 0.0 0.0
ds 0.0 0.0 0.0 0.0
gs 0.0 0.0 0.0 0.0
ts 0.0 0.0 0.0 0.0
eeg 574.098144531 786.300598145 830.715087891 934.348815918
eeg 565.87322998 733.661254883 778.075683594 829.070068359
eeg 567.518188477 838.940002441 857.034729004 855.389770508
eeg 541.198547363 838.940002441 883.354431152 776.430725098
eeg 549.423461914 786.300598145 857.034729004 750.111022949
eeg 556.003356934 759.980895996 883.354431152 829.070068359
eeg 542.843505859 681.021850586 804.395385742 855.389770508
eeg 564.228271484 628.382507324 778.075683594 855.389770508
eeg 556.003356934 759.980895996 909.674133301 802.750427246
eeg 556.003356934 759.980895996 909.674133301 802.750427246
eeg 557.64831543 759.980895996 909.674133301 829.070068359
eeg 560.938293457 707.341552734 830.715087891 908.029174805
eeg 546.133483887 681.021850586 778.075683594 802.750427246
eeg 534.618591309 786.300598145 857.034729004 829.070068359
eeg 544.488464355 838.940002441 883.354431152 750.111022949
eeg 569.163208008 812.620300293 857.034729004 750.111022949
eeg 565.87322998 812.620300293 857.034729004 829.070068359
eeg 551.06842041 786.300598145 804.395385742 855.389770508
eeg 567.518188477 733.661254883 751.75604248 829.070068359
eeg 574.098144531 865.259643555 857.034729004 776.430725098
eeg 572.453186035 865.259643555 830.715087891 776.430725098
eeg 552.713378906 838.940002441 830.715087891 802.750427246
a nan nan nan nan
b nan nan nan nan
d nan nan nan nan
g nan nan nan nan
t nan nan nan nan
h 4.0 4.0 4.0 4.0
c 0.0
Aa 0.0 0.0 0.0 0.0
Ab 0.0 0.0 0.0 0.0
Ad 0.0 0.0 0.0 0.0
Ag 0.0 0.0 0.0 0.0
At 0.0 0.0 0.0 0.0
as 0.0 0.0 0.0 0.0
bs 0.0 0.0 0.0 0.0
ds 0.0 0.0 0.0 0.0
gs 0.0 0.0 0.0 0.0
ts 0.0 0.0 0.0 0.0
eeg 577.388122559 786.300598145 778.075683594 881.709472656
eeg 577.388122559 759.980895996 725.436340332 776.430725098
eeg 572.453186035 838.940002441 830.715087891 802.750427246
eeg 574.098144531 891.579345703 857.034729004 750.111022949
eeg 590.547912598 838.940002441 804.395385742 750.111022949
eeg 570.808166504 838.940002441 804.395385742 802.750427246
eeg 574.098144531 812.620300293 751.75604248 855.389770508
eeg 588.902954102 759.980895996 725.436340332 802.750427246
eeg 582.323059082 891.579345703 857.034729004 776.430725098
eeg 567.518188477 891.579345703 857.034729004 776.430725098
eeg 554.358398438 838.940002441 857.034729004 802.750427246
eeg 570.808166504 786.300598145 778.075683594 908.029174805
eeg 562.583251953 759.980895996 751.75604248 802.750427246
eeg 562.583251953 759.980895996 830.715087891 822.49017334
eeg 542.843505859 812.620300293 857.034729004 763.270874023
eeg 556.003356934 759.980895996 778.075683594 769.850830078
eeg 560.938293457 759.980895996 778.075683594 806.040344238
eeg 552.713378906 759.980895996 751.75604248 875.129516602
eeg 572.453186035 707.341552734 699.116638184 789.590576172
eeg 560.938293457 812.620300293 830.715087891 766.560852051
eeg 557.64831543 812.620300293 830.715087891 789.590576172
eeg 547.778442383 759.980895996 830.715087891 829.070068359
a nan nan nan nan
b nan nan nan nan
d nan nan nan nan
g nan nan nan nan
t nan nan nan nan
h 4.0 4.0 4.0 4.0
c 0.0
Aa 0.0 0.0 0.0 0.0
Ab 0.0 0.0 0.0 0.0
Ad 0.0 0.0 0.0 0.0
Ag 0.0 0.0 0.0 0.0
At 0.0 0.0 0.0 0.0
as 0.0 0.0 0.0 0.0
bs 0.0 0.0 0.0 0.0
ds 0.0 0.0 0.0 0.0
gs 0.0 0.0 0.0 0.0
ts 0.0 0.0 0.0 0.0
eeg 567.518188477 759.980895996 778.075683594 924.478942871
eeg 577.388122559 759.980895996 751.75604248 789.590576172
eeg 567.518188477 812.620300293 830.715087891 812.620300293
eeg 570.808166504 865.259643555 883.354431152 773.14074707
eeg 569.163208008 812.620300293 830.715087891 783.010620117
eeg 564.228271484 812.620300293 830.715087891 809.330322266
eeg 552.713378906 812.620300293 804.395385742 878.419494629
eeg 557.64831543 759.980895996 736.951171875 766.560852051
eeg 556.003356934 884.999450684 842.229919434 756.690979004
eeg 554.358398438 906.384155273 815.91027832 792.880554199
eeg 528.038696289 814.265258789 763.270874023 832.360046387
eeg 549.423461914 784.655639648 736.951171875 924.478942871
eeg 549.423461914 764.91583252 710.631530762 783.010620117
eeg 539.553527832 853.744812012 789.590576172 796.170471191
eeg 544.488464355 932.703857422 868.549621582 773.14074707
eeg 557.64831543 832.360046387 789.590576172 792.880554199
eeg 560.938293457 804.395385742 789.590576172 806.040344238
eeg 557.64831543 817.555236816 789.590576172 881.709472656
eeg 551.06842041 774.785766602 736.951171875 750.111022949
eeg 564.228271484 881.709472656 868.549621582 750.111022949
eeg 557.64831543 916.25402832 868.549621582 796.170471191
eeg 534.618591309 797.815490723 815.91027832 829.070068359
a nan nan nan nan
b nan nan nan nan
d nan nan nan nan
g nan nan nan nan
t nan nan nan nan
h 4.0 4.0 4.0 4.0
c 0.0
Aa 0.0 0.0 0.0 0.0
Ab 0.0 0.0 0.0 0.0
Ad 0.0 0.0 0.0 0.0
Ag 0.0 0.0 0.0 0.0
At 0.0 0.0 0.0 0.0
as 0.0 0.0 0.0 0.0
bs 0.0 0.0 0.0 0.0
ds 0.0 0.0 0.0 0.0
gs 0.0 0.0 0.0 0.0
ts 0.0 0.0 0.0 0.0
eeg 569.163208008 783.010620117 763.270874023 924.478942871
eeg 574.098144531 771.495788574 763.270874023 783.010620117
eeg 565.87322998 876.774536133 842.229919434 787.945556641
eeg 557.64831543 929.413879395 868.549621582 778.075683594
eeg 588.902954102 824.135131836 789.590576172 806.040344238
eeg 572.453186035 797.815490723 789.590576172 799.460449219
eeg 546.133483887 797.815490723 789.590576172 876.774536133
eeg 551.06842041 797.815490723 763.270874023 735.306213379
eeg 544.488464355 876.774536133 868.549621582 748.466064453
eeg 541.198547363 929.413879395 868.549621582 806.040344238
eeg 537.908569336 797.815490723 789.590576172 837.29498291
eeg 541.198547363 797.815490723 763.270874023 927.768920898
eeg 529.683654785 797.815490723 763.270874023 769.850830078
eeg 523.103759766 876.774536133 842.229919434 781.365661621
eeg 532.973632812 929.413879395 894.86932373 778.075683594
eeg 541.198547363 824.135131836 815.91027832 819.200195312
eeg 532.973632812 797.815490723 815.91027832 797.815490723
eeg 523.103759766 824.135131836 815.91027832 881.709472656
eeg 542.843505859 824.135131836 783.010620117 776.430725098
eeg 556.003356934 876.774536133 886.64440918 802.750427246
eeg 549.423461914 929.413879395 914.609069824 855.389770508
eeg 547.778442383 797.815490723 799.460449219 881.709472656
a nan nan nan nan
b nan nan nan nan
d nan nan nan nan
g nan nan nan nan
t nan nan nan nan
h 4.0 4.0 4.0 4.0
c 0.0
Aa 0.0 0.0 0.0 0.0
Ab 0.0 0.0 0.0 0.0
Ad 0.0 0.0 0.0 0.0
Ag 0.0 0.0 0.0 0.0
At 0.0 0.0 0.0 0.0
as 0.0 0.0 0.0 0.0
bs 0.0 0.0 0.0 0.0
ds 0.0 0.0 0.0 0.0
gs 0.0 0.0 0.0 0.0
ts 0.0 0.0 0.0 0.0
eeg 556.003356934 797.815490723 787.945556641 960.668518066
eeg 562.583251953 797.815490723 771.495788574 829.070068359
eeg 562.583251953 850.454833984 852.09979248 829.070068359
eeg 559.293334961 903.094238281 934.348815918 829.070068359
eeg 585.612976074 797.815490723 815.91027832 855.389770508
eeg 585.612976074 771.495788574 796.170471191 829.070068359
eeg 564.228271484 797.815490723 810.975280762 908.029174805
eeg 577.388122559 797.815490723 787.945556641 776.430725098
eeg 574.098144531 850.454833984 868.549621582 776.430725098
eeg 575.743103027 903.094238281 926.123962402 829.070068359
eeg 579.033081055 771.495788574 794.525512695 855.389770508
eeg 574.098144531 771.495788574 769.850830078 908.029174805
eeg 582.323059082 824.135131836 796.170471191 802.750427246
eeg 569.163208008 903.094238281 901.44921875 829.070068359
eeg 565.87322998 955.733581543 954.088623047 829.070068359
eeg 583.968017578 850.454833984 848.809875488 855.389770508
eeg 575.743103027 824.135131836 822.49017334 829.070068359
eeg 567.518188477 850.454833984 848.809875488 908.029174805
eeg 580.678039551 850.454833984 848.809875488 776.430725098
eeg 579.033081055 876.774536133 901.44921875 776.430725098
eeg 592.192932129 929.413879395 927.768920898 829.070068359
eeg 572.453186035 797.815490723 796.170471191 855.389770508
a nan nan nan nan
b nan nan nan nan
d nan nan nan nan
g nan nan nan nan
t nan nan nan nan
h 4.0 4.0 4.0 4.0
c 0.0
Aa 0.0 0.0 0.0 0.0
Ab 0.0 0.0 0.0 0.0
Ad 0.0 0.0 0.0 0.0
Ag 0.0 0.0 0.0 0.0
At 0.0 0.0 0.0 0.0
as 0.0 0.0 0.0 0.0
bs 0.0 0.0 0.0 0.0
ds 0.0 0.0 0.0 0.0
gs 0.0 0.0 0.0 0.0
ts 0.0 0.0 0.0 0.0
eeg 579.033081055 797.815490723 796.170471191 908.029174805
eeg 595.482910156 824.135131836 796.170471191 776.430725098
eeg 577.388122559 876.774536133 848.809875488 776.430725098
eeg 572.453186035 903.094238281 901.44921875 776.430725098
eeg 587.257995605 824.135131836 796.170471191 829.070068359
eeg 587.257995605 771.495788574 769.850830078 802.750427246
eeg 580.678039551 824.135131836 822.49017334 908.029174805
eeg 577.388122559 824.135131836 848.809875488 855.389770508
eeg 582.323059082 824.135131836 901.44921875 855.389770508
eeg 569.163208008 876.774536133 980.40826416 908.029174805
eeg 564.228271484 771.495788574 875.129516602 908.029174805
eeg 572.453186035 771.495788574 875.129516602 960.668518066
eeg 565.87322998 824.135131836 901.44921875 855.389770508
eeg 557.64831543 876.774536133 954.088623047 855.389770508
eeg 556.003356934 876.774536133 980.40826416 855.389770508
eeg 562.583251953 824.135131836 875.129516602 908.029174805
eeg 565.87322998 771.495788574 822.49017334 855.389770508
eeg 565.87322998 824.135131836 848.809875488 908.029174805
eeg 565.87322998 824.135131836 848.809875488 802.750427246
eeg 577.388122559 824.135131836 875.129516602 802.750427246
eeg 574.098144531 876.774536133 927.768920898 855.389770508
eeg 570.808166504 771.495788574 796.170471191 855.389770508
a nan nan nan nan
b nan nan nan nan
d nan nan nan nan
g nan nan nan nan
t nan nan nan nan
h 4.0 4.0 4.0 4.0
c 0.0
Aa 0.0 0.0 0.0 0.0
Ab 0.0 0.0 0.0 0.0
Ad 0.0 0.0 0.0 0.0
Ag 0.0 0.0 0.0 0.0
At 0.0 0.0 0.0 0.0
as 0.0 0.0 0.0 0.0
bs 0.0 0.0 0.0 0.0
ds 0.0 0.0 0.0 0.0
gs 0.0 0.0 0.0 0.0
ts 0.0 0.0 0.0 0.0
eeg 583.968017578 764.91583252 822.49017334 908.029174805
eeg 579.033081055 837.29498291 875.129516602 829.070068359
eeg 560.938293457 883.354431152 954.088623047 829.070068359
eeg 552.713378906 922.833984375 1006.72796631 855.389770508
eeg 564.228271484 824.135131836 927.768920898 908.029174805
eeg 567.518188477 758.3359375 875.129516602 855.389770508
eeg 562.583251953 843.874938965 927.768920898 934.348815918
eeg 556.003356934 870.194580078 927.768920898 802.750427246
eeg 556.003356934 870.194580078 927.768920898 802.750427246
eeg 552.713378906 929.413879395 980.40826416 855.389770508
eeg 539.553527832 797.815490723 822.49017334 881.709472656
eeg 564.228271484 778.075683594 822.49017334 908.029174805
eeg 560.938293457 870.194580078 848.809875488 802.750427246
eeg 544.488464355 896.514282227 901.44921875 802.750427246
eeg 560.938293457 916.25402832 927.768920898 829.070068359
eeg 575.743103027 824.135131836 822.49017334 881.709472656
eeg 542.843505859 758.3359375 822.49017334 881.709472656
eeg 536.26361084 843.874938965 927.768920898 934.348815918
eeg 542.843505859 883.354431152 980.40826416 829.070068359
eeg 554.358398438 870.194580078 980.40826416 829.070068359
eeg 556.003356934 916.25402832 1033.04760742 881.709472656
eeg 536.26361084 804.395385742 927.768920898 881.709472656
a nan nan nan nan
b nan nan nan nan
d nan nan nan nan
g nan nan nan nan
t nan nan nan nan
h 4.0 4.0 4.0 4.0
c 0.0
Aa 0.0 0.0 0.0 0.0
Ab 0.0 0.0 0.0 0.0
Ad 0.0 0.0 0.0 0.0
Ag 0.0 0.0 0.0 0.0
At 0.0 0.0 0.0 0.0
as 0.0 0.0 0.0 0.0
bs 0.0 0.0 0.0 0.0
ds 0.0 0.0 0.0 0.0
gs 0.0 0.0 0.0 0.0
ts 0.0 0.0 0.0 0.0
eeg 564.228271484 778.075683594 927.768920898 881.709472656
eeg 579.033081055 889.934387207 980.40826416 829.070068359
eeg 577.388122559 903.094238281 980.40826416 829.070068359
eeg 564.228271484 916.25402832 980.40826416 829.070068359
eeg 583.968017578 817.555236816 875.129516602 881.709472656
eeg 574.098144531 751.75604248 822.49017334 829.070068359
eeg 565.87322998 857.034729004 875.129516602 881.709472656
eeg 569.163208008 889.934387207 875.129516602 776.430725098
eeg 580.678039551 870.194580078 875.129516602 776.430725098
eeg 585.612976074 896.514282227 927.768920898 829.070068359
eeg 556.003356934 817.555236816 809.330322266 848.809875488
eeg 585.612976074 791.235534668 776.430725098 855.389770508
eeg 588.902954102 896.514282227 881.709472656 763.270874023
eeg 567.518188477 896.514282227 921.188964844 756.690979004
eeg 564.228271484 896.514282227 934.348815918 796.170471191
eeg 572.453186035 817.555236816 835.650024414 881.709472656
eeg 585.612976074 764.91583252 763.270874023 789.590576172
eeg 577.388122559 870.194580078 861.969726562 855.389770508
eeg 574.098144531 896.514282227 888.289367676 743.53112793
eeg 580.678039551 870.194580078 875.129516602 730.371276855
eeg 585.612976074 870.194580078 914.609069824 809.330322266
eeg 575.743103027 817.555236816 789.590576172 848.809875488
a nan nan nan nan
b nan nan nan nan
d nan nan nan nan
g nan nan nan nan
t nan nan nan nan
h 4.0 4.0 4.0 4.0
c 0.0
Aa 0.0 0.0 0.0 0.0
Ab 0.0 0.0 0.0 0.0
Ad 0.0 0.0 0.0 0.0
Ag 0.0 0.0 0.0 0.0
At 0.0 0.0 0.0 0.0
as 0.0 0.0 0.0 0.0
bs 0.0 0.0 0.0 0.0
ds 0.0 0.0 0.0 0.0
gs 0.0 0.0 0.0 0.0
ts 0.0 0.0 0.0 0.0
eeg 592.192932129 764.91583252 776.430725098 842.229919434
eeg 593.837890625 896.514282227 875.129516602 763.270874023
eeg 580.678039551 896.514282227 901.44921875 763.270874023
eeg 579.033081055 896.514282227 914.609069824 802.750427246
eeg 580.678039551 815.91027832 814.265258789 904.739196777
eeg 587.257995605 736.951171875 761.625915527 773.14074707
eeg 570.808166504 842.229919434 866.904663086 825.780151367
eeg 565.87322998 868.549621582 893.224304199 746.821105957
eeg 575.743103027 842.229919434 893.224304199 720.501403809
eeg 574.098144531 842.229919434 919.544006348 799.460449219
eeg 572.453186035 789.590576172 840.584960938 825.780151367
eeg 567.518188477 736.951171875 814.265258789 825.780151367
eeg 583.968017578 868.549621582 919.544006348 773.14074707
eeg 570.808166504 868.549621582 919.544006348 773.14074707
eeg 556.003356934 868.549621582 919.544006348 799.460449219
eeg 572.453186035 815.91027832 840.584960938 904.739196777
eeg 562.583251953 763.270874023 787.945556641 799.460449219
eeg 569.163208008 842.229919434 866.904663086 825.780151367
eeg 565.87322998 894.86932373 919.544006348 773.14074707
eeg 572.453186035 868.549621582 893.224304199 746.821105957
eeg 574.098144531 868.549621582 893.224304199 825.780151367
eeg 569.163208008 815.91027832 814.265258789 878.419494629
a nan nan nan nan
b nan nan nan nan
d nan nan nan nan
g nan nan nan nan
t nan nan nan nan
h 4.0 4.0 4.0 4.0
c 0.0
Aa 0.0 0.0 0.0 0.0
Ab 0.0 0.0 0.0 0.0
Ad 0.0 0.0 0.0 0.0
Ag 0.0 0.0 0.0 0.0
At 0.0 0.0 0.0 0.0
as 0.0 0.0 0.0 0.0
bs 0.0 0.0 0.0 0.0
ds 0.0 0.0 0.0 0.0
gs 0.0 0.0 0.0 0.0
ts 0.0 0.0 0.0 0.0
eeg 579.033081055 736.951171875 787.945556641 852.09979248
eeg 577.388122559 842.229919434 893.224304199 799.460449219
eeg 569.163208008 815.91027832 893.224304199 799.460449219
eeg 554.358398438 789.590576172 893.224304199 825.780151367
eeg 565.87322998 736.951171875 814.265258789 904.739196777
eeg 564.228271484 710.631530762 761.625915527 799.460449219
eeg 556.003356934 815.91027832 866.904663086 825.780151367
eeg 557.64831543 868.549621582 893.224304199 773.14074707
eeg 565.87322998 815.91027832 840.584960938 773.14074707
eeg 565.87322998 815.91027832 840.584960938 825.780151367
eeg 560.938293457 789.590576172 787.945556641 878.419494629
eeg 574.098144531 736.951171875 761.625915527 825.780151367
eeg 585.612976074 868.549621582 866.904663086 799.460449219
eeg 572.453186035 868.549621582 866.904663086 799.460449219
eeg 559.293334961 842.229919434 866.904663086 825.780151367
eeg 582.323059082 736.951171875 761.625915527 917.899047852
eeg 579.033081055 736.951171875 761.625915527 792.880554199
eeg 579.033081055 789.590576172 866.904663086 819.200195312
eeg 557.64831543 842.229919434 919.544006348 766.560852051
eeg 565.87322998 789.590576172 866.904663086 766.560852051
eeg 552.713378906 789.590576172 866.904663086 812.620300293
eeg 556.003356934 789.590576172 814.265258789 871.839599609
a nan nan nan nan
b nan nan nan nan
d nan nan nan nan
g nan nan nan nan
t nan nan nan nan
h 4.0 4.0 4.0 4.0
c 0.0
Aa 0.0 0.0 0.0 0.0
Ab 0.0 0.0 0.0 0.0
Ad 0.0 0.0 0.0 0.0
Ag 0.0 0.0 0.0 0.0
At 0.0 0.0 0.0 0.0
as 0.0 0.0 0.0 0.0
bs 0.0 0.0 0.0 0.0
ds 0.0 0.0 0.0 0.0
gs 0.0 0.0 0.0 0.0
ts 0.0 0.0 0.0 0.0
eeg 559.293334961 736.951171875 761.625915527 792.880554199
eeg 560.938293457 842.229919434 866.904663086 766.560852051
eeg 556.003356934 842.229919434 866.904663086 786.300598145
eeg 549.423461914 789.590576172 866.904663086 819.200195312
eeg 577.388122559 789.590576172 814.265258789 917.899047852
eeg 562.583251953 789.590576172 814.265258789 792.880554199
eeg 557.64831543 842.229919434 866.904663086 806.040344238
eeg 554.358398438 894.86932373 919.544006348 766.560852051
eeg 556.003356934 842.229919434 866.904663086 773.14074707
eeg 560.938293457 812.620300293 840.584960938 809.330322266
eeg 549.423461914 807.68536377 787.945556641 876.774536133
eeg 567.518188477 755.045959473 682.666870117 773.14074707
eeg 565.87322998 880.064453125 787.945556641 753.401000977
eeg 570.808166504 901.44921875 814.265258789 787.945556641
eeg 554.358398438 819.200195312 787.945556641 829.070068359
eeg 565.87322998 787.945556641 761.625915527 924.478942871
eeg 572.453186035 764.91583252 735.306213379 784.655639648
eeg 554.358398438 858.679748535 814.265258789 799.460449219
eeg 554.358398438 931.058898926 893.224304199 768.205810547
eeg 560.938293457 835.650024414 840.584960938 789.590576172
eeg 554.358398438 807.68536377 840.584960938 799.460449219
eeg 552.713378906 817.555236816 814.265258789 875.129516602
a nan nan nan nan
b nan nan nan nan
d nan nan nan nan
g nan nan nan nan
t nan nan nan nan
h 4.0 4.0 4.0 4.0
c 0.0
Aa 0.0 0.0 0.0 0.0
Ab 0.0 0.0 0.0 0.0
Ad 0.0 0.0 0.0 0.0
Ag 0.0 0.0 0.0 0.0
At 0.0 0.0 0.0 0.0
as 0.0 0.0 0.0 0.0
bs 0.0 0.0 0.0 0.0
ds 0.0 0.0 0.0 0.0
gs 0.0 0.0 0.0 0.0
ts 0.0 0.0 0.0 0.0
eeg 551.06842041 769.850830078 761.625915527 753.401000977
eeg 544.488464355 883.354431152 893.224304199 750.111022949
eeg 546.133483887 912.964111328 893.224304199 796.170471191
eeg 541.198547363 807.68536377 787.945556641 827.425109863
eeg 539.553527832 807.68536377 787.945556641 926.123962402
eeg 539.553527832 807.68536377 787.945556641 776.430725098
eeg 528.038696289 860.324707031 840.584960938 791.235534668
eeg 516.523803711 912.964111328 893.224304199 771.495788574
eeg 537.908569336 807.68536377 840.584960938 802.750427246
eeg 544.488464355 807.68536377 840.584960938 796.170471191
eeg 529.683654785 807.68536377 840.584960938 878.419494629
eeg 541.198547363 807.68536377 787.945556641 741.886108398
eeg 554.358398438 860.324707031 893.224304199 748.466064453
eeg 557.64831543 912.964111328 893.224304199 806.040344238
eeg 554.358398438 807.68536377 840.584960938 840.584960938
eeg 556.003356934 807.68536377 840.584960938 926.123962402
eeg 554.358398438 807.68536377 840.584960938 771.495788574
eeg 551.06842041 860.324707031 893.224304199 783.010620117
eeg 536.26361084 912.964111328 945.863708496 779.720703125
eeg 562.583251953 860.324707031 840.584960938 819.200195312
eeg 554.358398438 834.005004883 817.555236816 812.620300293
eeg 544.488464355 834.005004883 814.265258789 891.579345703
a nan nan nan nan
b nan nan nan nan
d nan nan nan nan
g nan nan nan nan
t nan nan nan nan
h 4.0 4.0 4.0 4.0
c 0.0
Aa 0.0 0.0 0.0 0.0
Ab 0.0 0.0 0.0 0.0
Ad 0.0 0.0 0.0 0.0
Ag 0.0 0.0 0.0 0.0
At 0.0 0.0 0.0 0.0
as 0.0 0.0 0.0 0.0
bs 0.0 0.0 0.0 0.0
ds 0.0 0.0 0.0 0.0
gs 0.0 0.0 0.0 0.0
ts 0.0 0.0 0.0 0.0
eeg 551.06842041 834.005004883 774.785766602 759.980895996
eeg 554.358398438 886.64440918 870.194580078 759.980895996
eeg 544.488464355 939.283752441 919.544006348 819.200195312
eeg 542.843505859 807.68536377 801.105407715 858.679748535
eeg 567.518188477 807.68536377 784.655639648 931.058898926
eeg 532.973632812 807.68536377 774.785766602 779.720703125
eeg 537.908569336 860.324707031 840.584960938 786.300598145
eeg 532.973632812 912.964111328 935.993835449 786.300598145
eeg 544.488464355 807.68536377 830.715087891 832.360046387
eeg 559.293334961 781.365661621 801.105407715 806.040344238
eeg 546.133483887 807.68536377 814.265258789 884.999450684
eeg 552.713378906 807.68536377 787.945556641 746.821105957
eeg 565.87322998 860.324707031 863.614685059 746.821105957
eeg 559.293334961 939.283752441 916.25402832 825.780151367
eeg 544.488464355 834.005004883 810.975280762 878.419494629
eeg 574.098144531 834.005004883 810.975280762 931.058898926
eeg 567.518188477 834.005004883 810.975280762 799.460449219
eeg 564.228271484 886.64440918 863.614685059 799.460449219
eeg 564.228271484 939.283752441 916.25402832 799.460449219
eeg 574.098144531 834.005004883 810.975280762 852.09979248
eeg 569.163208008 807.68536377 810.975280762 825.780151367
eeg 547.778442383 834.005004883 810.975280762 904.739196777
a nan nan nan nan
b nan nan nan nan
d nan nan nan nan
g nan nan nan nan
t nan nan nan nan
h 4.0 4.0 4.0 4.0
c 0.0
Aa 0.0 0.0 0.0 0.0
Ab 0.0 0.0 0.0 0.0
Ad 0.0 0.0 0.0 0.0
Ag 0.0 0.0 0.0 0.0
At 0.0 0.0 0.0 0.0
as 0.0 0.0 0.0 0.0
bs 0.0 0.0 0.0 0.0
ds 0.0 0.0 0.0 0.0
gs 0.0 0.0 0.0 0.0
ts 0.0 0.0 0.0 0.0
eeg 572.453186035 834.005004883 810.975280762 773.14074707
eeg 575.743103027 860.324707031 863.614685059 773.14074707
eeg 585.612976074 912.964111328 916.25402832 825.780151367
eeg 572.453186035 781.365661621 810.975280762 852.09979248
eeg 570.808166504 781.365661621 810.975280762 904.739196777
eeg 560.938293457 807.68536377 810.975280762 773.14074707
eeg 551.06842041 860.324707031 863.614685059 773.14074707
eeg 554.358398438 965.60345459 942.573730469 799.460449219
eeg 569.163208008 965.60345459 863.614685059 878.419494629
eeg 570.808166504 912.964111328 837.29498291 878.419494629
eeg 547.778442383 965.60345459 863.614685059 957.378540039
eeg 544.488464355 965.60345459 863.614685059 825.780151367
eeg 552.713378906 965.60345459 916.25402832 825.780151367
eeg 557.64831543 1018.24285889 942.573730469 878.419494629
eeg 562.583251953 860.324707031 810.975280762 904.739196777
eeg 565.87322998 860.324707031 810.975280762 931.058898926
eeg 542.843505859 860.324707031 810.975280762 799.460449219
eeg 529.683654785 912.964111328 863.614685059 799.460449219
eeg 534.618591309 912.964111328 916.25402832 799.460449219
eeg 564.228271484 860.324707031 810.975280762 852.09979248
eeg 559.293334961 807.68536377 784.655639648 799.460449219
eeg 547.778442383 860.324707031 810.975280762 878.419494629
a nan nan nan nan
b nan nan nan nan
d nan nan nan nan
g nan nan nan nan
t nan nan nan nan
h 4.0 4.0 4.0 4.0
c 0.0
Aa 0.0 0.0 0.0 0.0
Ab 0.0 0.0 0.0 0.0
Ad 0.0 0.0 0.0 0.0
Ag 0.0 0.0 0.0 0.0
At 0.0 0.0 0.0 0.0
as 0.0 0.0 0.0 0.0
bs 0.0 0.0 0.0 0.0
ds 0.0 0.0 0.0 0.0
gs 0.0 0.0 0.0 0.0
ts 0.0 0.0 0.0 0.0
eeg 567.518188477 860.324707031 810.975280762 746.821105957
eeg 569.163208008 868.549621582 853.744812012 743.53112793
