eeg 886.64440918 866.904663086 880.064453125 848.809875488
eeg 792.880554199 945.863708496 985.343200684 901.44921875
eeg 797.815490723 840.584960938 880.064453125 980.40826416
eeg 824.135131836 840.584960938 880.064453125 848.809875488
eeg 822.49017334 893.224304199 906.384155273 848.809875488
eeg 797.815490723 919.544006348 932.703857422 901.44921875
eeg 847.164855957 919.544006348 959.02355957 927.768920898
eeg 773.14074707 840.584960938 853.744812012 954.088623047
eeg 769.850830078 787.945556641 801.105407715 848.809875488
eeg 789.590576172 866.904663086 880.064453125 796.170471191
eeg 819.200195312 866.904663086 880.064453125 848.809875488
eeg 870.194580078 866.904663086 880.064453125 848.809875488
eeg 783.010620117 893.224304199 932.703857422 848.809875488
eeg 801.105407715 787.945556641 801.105407715 901.44921875
eeg 832.360046387 761.625915527 774.785766602 769.850830078
eeg 827.425109863 866.904663086 853.744812012 769.850830078
eeg 824.135131836 893.224304199 880.064453125 875.129516602
eeg 873.484558105 893.224304199 880.064453125 927.768920898
a nan nan nan nan
b nan nan nan nan
d nan nan nan nan
g nan nan nan nan
t nan nan nan nan
h 4.0 4.0 4.0 4.0
c 0.0
Aa 0.0 0.0 0.0 0.0
Ab 0.0 0.0 0.0 0.0
Ad 0.0 0.0 0.0 0.0
Ag 0.0 0.0 0.0 0.0
At 0.0 0.0 0.0 0.0
as 0.0 0.0 0.0 0.0
bs 0.0 0.0 0.0 0.0
ds 0.0 0.0 0.0 0.0
gs 0.0 0.0 0.0 0.0
ts 0.0 0.0 0.0 0.0
eeg 810.975280762 814.265258789 801.105407715 980.40826416
eeg 784.655639648 761.625915527 748.466064453 927.768920898
eeg 824.135131836 866.904663086 827.425109863 875.129516602
eeg 860.324707031 893.224304199 853.744812012 927.768920898
eeg 866.904663086 893.224304199 853.744812012 927.768920898
eeg 801.105407715 919.544006348 906.384155273 927.768920898
eeg 797.815490723 840.584960938 801.105407715 980.40826416
eeg 824.135131836 787.945556641 774.785766602 875.129516602
eeg 840.584960938 893.224304199 853.744812012 875.129516602
eeg 804.395385742 893.224304199 880.064453125 927.768920898
eeg 857.034729004 893.224304199 880.064453125 927.768920898
eeg 797.815490723 814.265258789 801.105407715 927.768920898
eeg 778.075683594 761.625915527 748.466064453 822.49017334
eeg 824.135131836 866.904663086 853.744812012 769.850830078
eeg 852.09979248 893.224304199 876.774536133 848.809875488
eeg 858.679748535 860.324707031 863.614685059 875.129516602
eeg 796.170471191 866.904663086 899.804260254 875.129516602
eeg 794.525512695 801.105407715 807.68536377 927.768920898
eeg 832.360046387 735.306213379 755.045959473 822.49017334
eeg 850.454833984 873.484558105 876.774536133 796.170471191
eeg 817.555236816 893.224304199 899.804260254 901.44921875
eeg 868.549621582 880.064453125 899.804260254 901.44921875
a nan nan nan nan
b nan nan nan nan
d nan nan nan nan
g nan nan nan nan
t nan nan nan nan
h 4.0 4.0 4.0 4.0
c 0.0
Aa 0.0 0.0 0.0 0.0
Ab 0.0 0.0 0.0 0.0
Ad 0.0 0.0 0.0 0.0
Ag 0.0 0.0 0.0 0.0
At 0.0 0.0 0.0 0.0
as 0.0 0.0 0.0 0.0
bs 0.0 0.0 0.0 0.0
ds 0.0 0.0 0.0 0.0
gs 0.0 0.0 0.0 0.0
ts 0.0 0.0 0.0 0.0
eeg 807.68536377 801.105407715 804.395385742 901.44921875
eeg 784.655639648 741.886108398 741.886108398 822.49017334
eeg 834.005004883 860.324707031 853.744812012 769.850830078
eeg 861.969726562 899.804260254 886.64440918 848.809875488
eeg 852.09979248 860.324707031 870.194580078 875.129516602
eeg 797.815490723 860.324707031 880.064453125 848.809875488
eeg 789.590576172 807.68536377 807.68536377 875.129516602
eeg 840.584960938 748.466064453 748.466064453 796.170471191
eeg 861.969726562 853.744812012 853.744812012 796.170471191
eeg 817.555236816 853.744812012 853.744812012 901.44921875
eeg 870.194580078 827.425109863 853.744812012 901.44921875
eeg 807.68536377 774.785766602 801.105407715 901.44921875
eeg 779.720703125 722.146362305 748.466064453 822.49017334
eeg 809.330322266 827.425109863 801.105407715 769.850830078
eeg 848.809875488 853.744812012 853.744812012 848.809875488
eeg 838.940002441 827.425109863 853.744812012 875.129516602
eeg 807.68536377 827.425109863 853.744812012 848.809875488
eeg 792.880554199 801.105407715 801.105407715 875.129516602
eeg 838.940002441 722.146362305 748.466064453 796.170471191
eeg 866.904663086 853.744812012 853.744812012 769.850830078
eeg 810.975280762 853.744812012 853.744812012 875.129516602
eeg 871.839599609 827.425109863 853.744812012 875.129516602
a nan nan nan nan
b nan nan nan nan
d nan nan nan nan
g nan nan nan nan
t nan nan nan nan
h 4.0 4.0 4.0 4.0
c 0.0
Aa 0.0 0.0 0.0 0.0
Ab 0.0 0.0 0.0 0.0
Ad 0.0 0.0 0.0 0.0
Ag 0.0 0.0 0.0 0.0
At 0.0 0.0 0.0 0.0
as 0.0 0.0 0.0 0.0
bs 0.0 0.0 0.0 0.0
ds 0.0 0.0 0.0 0.0
gs 0.0 0.0 0.0 0.0
ts 0.0 0.0 0.0 0.0
eeg 817.555236816 774.785766602 801.105407715 875.129516602
eeg 784.655639648 748.466064453 748.466064453 796.170471191
eeg 827.425109863 748.466064453 827.425109863 743.53112793
eeg 860.324707031 748.466064453 853.744812012 822.49017334
eeg 824.135131836 695.826660156 801.105407715 848.809875488
eeg 791.235534668 695.826660156 801.105407715 822.49017334
eeg 784.655639648 695.826660156 774.785766602 822.49017334
eeg 834.005004883 643.187316895 722.146362305 769.850830078
eeg 873.484558105 801.105407715 853.744812012 717.211425781
eeg 814.265258789 801.105407715 853.744812012 848.809875488
eeg 866.904663086 748.466064453 827.425109863 848.809875488
eeg 817.555236816 695.826660156 774.785766602 848.809875488
eeg 784.655639648 695.826660156 748.466064453 796.170471191
eeg 817.555236816 801.105407715 853.744812012 769.850830078
eeg 850.454833984 853.744812012 906.384155273 848.809875488
eeg 814.265258789 801.105407715 853.744812012 901.44921875
eeg 791.235534668 801.105407715 853.744812012 848.809875488
eeg 791.235534668 801.105407715 827.425109863 848.809875488
eeg 850.454833984 748.466064453 722.146362305 796.170471191
eeg 876.774536133 853.744812012 827.425109863 743.53112793
eeg 810.975280762 853.744812012 827.425109863 848.809875488
eeg 857.034729004 801.105407715 774.785766602 848.809875488
a nan nan nan nan
b nan nan nan nan
d nan nan nan nan
g nan nan nan nan
t nan nan nan nan
h 4.0 4.0 4.0 4.0
c 0.0
Aa 0.0 0.0 0.0 0.0
Ab 0.0 0.0 0.0 0.0
Ad 0.0 0.0 0.0 0.0
Ag 0.0 0.0 0.0 0.0
At 0.0 0.0 0.0 0.0
as 0.0 0.0 0.0 0.0
bs 0.0 0.0 0.0 0.0
ds 0.0 0.0 0.0 0.0
gs 0.0 0.0 0.0 0.0
ts 0.0 0.0 0.0 0.0
eeg 824.135131836 801.105407715 722.146362305 848.809875488
eeg 791.235534668 801.105407715 722.146362305 796.170471191
eeg 824.135131836 853.744812012 774.785766602 796.170471191
eeg 863.614685059 906.384155273 827.425109863 848.809875488
eeg 824.135131836 853.744812012 774.785766602 901.44921875
eeg 804.395385742 853.744812012 774.785766602 848.809875488
eeg 804.395385742 853.744812012 774.785766602 848.809875488
eeg 850.454833984 801.105407715 722.146362305 848.809875488
eeg 889.934387207 906.384155273 827.425109863 796.170471191
eeg 804.395385742 906.384155273 827.425109863 901.44921875
eeg 850.454833984 801.105407715 774.785766602 901.44921875
eeg 830.715087891 801.105407715 774.785766602 848.809875488
eeg 784.655639648 801.105407715 722.146362305 796.170471191
eeg 824.135131836 880.064453125 774.785766602 743.53112793
eeg 843.874938965 932.703857422 827.425109863 796.170471191
eeg 804.395385742 853.744812012 774.785766602 848.809875488
eeg 791.235534668 827.425109863 774.785766602 796.170471191
eeg 797.815490723 827.425109863 774.785766602 796.170471191
eeg 837.29498291 801.105407715 722.146362305 796.170471191
eeg 883.354431152 880.064453125 827.425109863 743.53112793
eeg 797.815490723 906.384155273 827.425109863 848.809875488
eeg 830.715087891 801.105407715 774.785766602 848.809875488
a nan nan nan nan
b nan nan nan nan
d nan nan nan nan
g nan nan nan nan
t nan nan nan nan
h 4.0 4.0 4.0 4.0
c 0.0
Aa 0.0 0.0 0.0 0.0
Ab 0.0 0.0 0.0 0.0
Ad 0.0 0.0 0.0 0.0
Ag 0.0 0.0 0.0 0.0
At 0.0 0.0 0.0 0.0
as 0.0 0.0 0.0 0.0
bs 0.0 0.0 0.0 0.0
ds 0.0 0.0 0.0 0.0
gs 0.0 0.0 0.0 0.0
ts 0.0 0.0 0.0 0.0
eeg 830.715087891 801.105407715 774.785766602 796.170471191
eeg 784.655639648 801.105407715 774.785766602 796.170471191
eeg 830.715087891 880.064453125 827.425109863 796.170471191
eeg 870.194580078 932.703857422 880.064453125 848.809875488
eeg 830.715087891 827.425109863 827.425109863 901.44921875
eeg 804.395385742 801.105407715 827.425109863 848.809875488
eeg 815.91027832 822.49017334 824.135131836 814.265258789
eeg 848.809875488 769.850830078 771.495788574 787.945556641
eeg 894.86932373 822.49017334 876.774536133 735.306213379
eeg 819.200195312 875.129516602 903.094238281 840.584960938
eeg 829.070068359 769.850830078 797.815490723 866.904663086
eeg 834.005004883 769.850830078 797.815490723 787.945556641
eeg 789.590576172 769.850830078 797.815490723 787.945556641
eeg 834.005004883 822.49017334 876.774536133 787.945556641
eeg 868.549621582 875.129516602 929.413879395 866.904663086
eeg 827.425109863 822.49017334 824.135131836 919.544006348
eeg 802.750427246 769.850830078 797.815490723 814.265258789
eeg 824.135131836 769.850830078 824.135131836 814.265258789
eeg 848.809875488 769.850830078 797.815490723 814.265258789
eeg 896.514282227 822.49017334 850.454833984 787.945556641
eeg 815.91027832 875.129516602 903.094238281 866.904663086
eeg 820.845214844 769.850830078 771.495788574 893.224304199
a nan nan nan nan
b nan nan nan nan
d nan nan nan nan
g nan nan nan nan
t nan nan nan nan
h 4.0 4.0 4.0 4.0
c 0.0
Aa 0.0 0.0 0.0 0.0
Ab 0.0 0.0 0.0 0.0
Ad 0.0 0.0 0.0 0.0
Ag 0.0 0.0 0.0 0.0
At 0.0 0.0 0.0 0.0
as 0.0 0.0 0.0 0.0
bs 0.0 0.0 0.0 0.0
ds 0.0 0.0 0.0 0.0
gs 0.0 0.0 0.0 0.0
ts 0.0 0.0 0.0 0.0
eeg 840.584960938 769.850830078 771.495788574 787.945556641
eeg 784.655639648 796.170471191 797.815490723 840.584960938
eeg 830.715087891 875.129516602 903.094238281 840.584960938
eeg 860.324707031 954.088623047 955.733581543 893.224304199
eeg 810.975280762 848.809875488 850.454833984 945.863708496
eeg 797.815490723 822.49017334 824.135131836 840.584960938
eeg 824.135131836 875.129516602 850.454833984 840.584960938
eeg 860.324707031 875.129516602 824.135131836 840.584960938
eeg 896.514282227 901.44921875 876.774536133 840.584960938
eeg 804.395385742 954.088623047 929.413879395 893.224304199
eeg 810.975280762 822.49017334 797.815490723 945.863708496
eeg 847.164855957 822.49017334 771.495788574 840.584960938
eeg 794.525512695 848.809875488 771.495788574 840.584960938
eeg 814.265258789 901.44921875 850.454833984 840.584960938
eeg 870.194580078 927.768920898 903.094238281 893.224304199
eeg 820.845214844 822.49017334 797.815490723 945.863708496
eeg 797.815490723 769.850830078 771.495788574 840.584960938
eeg 825.780151367 875.129516602 824.135131836 814.265258789
eeg 852.09979248 875.129516602 850.454833984 840.584960938
eeg 889.934387207 875.129516602 903.094238281 840.584960938
eeg 797.815490723 927.768920898 982.053283691 893.224304199
eeg 806.040344238 822.49017334 850.454833984 945.863708496
a nan nan nan nan
b nan nan nan nan
d nan nan nan nan
g nan nan nan nan
t nan nan nan nan
h 4.0 4.0 4.0 4.0
c 0.0
Aa 0.0 0.0 0.0 0.0
Ab 0.0 0.0 0.0 0.0
Ad 0.0 0.0 0.0 0.0
Ag 0.0 0.0 0.0 0.0
At 0.0 0.0 0.0 0.0
as 0.0 0.0 0.0 0.0
bs 0.0 0.0 0.0 0.0
ds 0.0 0.0 0.0 0.0
gs 0.0 0.0 0.0 0.0
ts 0.0 0.0 0.0 0.0
eeg 832.360046387 822.49017334 850.454833984 814.265258789
eeg 806.040344238 875.129516602 876.774536133 814.265258789
eeg 809.330322266 927.768920898 929.413879395 840.584960938
eeg 853.744812012 927.768920898 955.733581543 893.224304199
eeg 807.68536377 875.129516602 850.454833984 945.863708496
eeg 786.300598145 822.49017334 797.815490723 840.584960938
eeg 815.91027832 875.129516602 850.454833984 814.265258789
eeg 848.809875488 875.129516602 850.454833984 866.904663086
eeg 880.064453125 875.129516602 876.774536133 866.904663086
eeg 799.460449219 927.768920898 929.413879395 893.224304199
eeg 804.395385742 822.49017334 797.815490723 945.863708496
eeg 820.845214844 822.49017334 797.815490723 840.584960938
eeg 815.91027832 901.44921875 824.135131836 866.904663086
eeg 810.975280762 927.768920898 876.774536133 893.224304199
eeg 863.614685059 927.768920898 903.094238281 945.863708496
eeg 815.91027832 848.809875488 824.135131836 972.183410645
eeg 786.300598145 796.170471191 771.495788574 866.904663086
eeg 825.780151367 875.129516602 850.454833984 814.265258789
eeg 857.034729004 875.129516602 850.454833984 866.904663086
eeg 873.484558105 875.129516602 850.454833984 866.904663086
eeg 814.265258789 927.768920898 929.413879395 866.904663086
eeg 799.460449219 822.49017334 797.815490723 919.544006348
a nan nan nan nan
b nan nan nan nan
d nan nan nan nan
g nan nan nan nan
t nan nan nan nan
h 4.0 4.0 4.0 4.0
c 0.0
Aa 0.0 0.0 0.0 0.0
Ab 0.0 0.0 0.0 0.0
Ad 0.0 0.0 0.0 0.0
Ag 0.0 0.0 0.0 0.0
At 0.0 0.0 0.0 0.0
as 0.0 0.0 0.0 0.0
bs 0.0 0.0 0.0 0.0
ds 0.0 0.0 0.0 0.0
gs 0.0 0.0 0.0 0.0
ts 0.0 0.0 0.0 0.0
eeg 843.874938965 796.170471191 797.815490723 787.945556641
eeg 827.425109863 875.129516602 850.454833984 787.945556641
eeg 819.200195312 901.44921875 876.774536133 840.584960938
eeg 870.194580078 901.44921875 903.094238281 893.224304199
eeg 819.200195312 822.49017334 824.135131836 919.544006348
eeg 792.880554199 750.111022949 758.3359375 866.904663086
eeg 822.49017334 858.679748535 843.874938965 866.904663086
eeg 850.454833984 881.709472656 863.614685059 972.183410645
eeg 863.614685059 868.549621582 863.614685059 972.183410645
eeg 801.105407715 904.739196777 922.833984375 972.183410645
eeg 799.460449219 812.620300293 804.395385742 1024.82275391
eeg 832.360046387 759.980895996 778.075683594 919.544006348
eeg 837.29498291 884.999450684 876.774536133 919.544006348
eeg 819.200195312 901.44921875 903.094238281 972.183410645
eeg 865.259643555 904.739196777 916.25402832 972.183410645
eeg 815.91027832 812.620300293 817.555236816 972.183410645
eeg 786.300598145 750.111022949 751.75604248 866.904663086
eeg 817.555236816 861.969726562 857.034729004 814.265258789
eeg 852.09979248 891.579345703 876.774536133 866.904663086
eeg 853.744812012 868.549621582 863.614685059 866.904663086
eeg 789.590576172 884.999450684 903.094238281 866.904663086
eeg 797.815490723 806.040344238 810.975280762 945.863708496
a nan nan nan nan
b nan nan nan nan
d nan nan nan nan
g nan nan nan nan
t nan nan nan nan
h 4.0 4.0 4.0 4.0
c 0.0
Aa 0.0 0.0 0.0 0.0
Ab 0.0 0.0 0.0 0.0
Ad 0.0 0.0 0.0 0.0
Ag 0.0 0.0 0.0 0.0
At 0.0 0.0 0.0 0.0
as 0.0 0.0 0.0 0.0
bs 0.0 0.0 0.0 0.0
ds 0.0 0.0 0.0 0.0
gs 0.0 0.0 0.0 0.0
ts 0.0 0.0 0.0 0.0
eeg 824.135131836 753.401000977 771.495788574 840.584960938
eeg 847.164855957 884.999450684 889.934387207 814.265258789
eeg 799.460449219 884.999450684 896.514282227 893.224304199
eeg 853.744812012 884.999450684 909.674133301 893.224304199
eeg 802.750427246 806.040344238 824.135131836 919.544006348
eeg 779.720703125 753.401000977 758.3359375 840.584960938
eeg 824.135131836 858.679748535 863.614685059 787.945556641
eeg 850.454833984 884.999450684 889.934387207 866.904663086
eeg 845.519897461 858.679748535 889.934387207 893.224304199
eeg 804.395385742 858.679748535 889.934387207 893.224304199
eeg 796.170471191 806.040344238 810.975280762 919.544006348
eeg 852.09979248 753.401000977 764.91583252 814.265258789
eeg 855.389770508 884.999450684 889.934387207 787.945556641
eeg 812.620300293 884.999450684 903.094238281 893.224304199
eeg 868.549621582 884.999450684 896.514282227 893.224304199
eeg 815.91027832 779.720703125 791.235534668 945.863708496
eeg 797.815490723 674.441955566 738.596191406 945.863708496
eeg 850.454833984 779.720703125 843.874938965 893.224304199
eeg 870.194580078 779.720703125 843.874938965 945.863708496
eeg 840.584960938 727.081298828 843.874938965 945.863708496
eeg 810.975280762 727.081298828 843.874938965 945.863708496
eeg 791.235534668 727.081298828 791.235534668 945.863708496
a nan nan nan nan
b nan nan nan nan
d nan nan nan nan
g nan nan nan nan
t nan nan nan nan
h 4.0 4.0 4.0 4.0
c 0.0
Aa 0.0 0.0 0.0 0.0
Ab 0.0 0.0 0.0 0.0
Ad 0.0 0.0 0.0 0.0
Ag 0.0 0.0 0.0 0.0
At 0.0 0.0 0.0 0.0
as 0.0 0.0 0.0 0.0
bs 0.0 0.0 0.0 0.0
ds 0.0 0.0 0.0 0.0
gs 0.0 0.0 0.0 0.0
ts 0.0 0.0 0.0 0.0
eeg 858.679748535 674.441955566 738.596191406 893.224304199
eeg 866.904663086 779.720703125 843.874938965 840.584960938
eeg 822.49017334 779.720703125 843.874938965 945.863708496
eeg 878.419494629 779.720703125 843.874938965 945.863708496
eeg 832.360046387 727.081298828 791.235534668 945.863708496
eeg 807.68536377 727.081298828 738.596191406 893.224304199
eeg 838.940002441 832.360046387 843.874938965 840.584960938
eeg 863.614685059 884.999450684 843.874938965 893.224304199
eeg 829.070068359 832.360046387 843.874938965 893.224304199
eeg 799.460449219 806.040344238 817.555236816 840.584960938
eeg 792.880554199 806.040344238 791.235534668 840.584960938
eeg 855.389770508 727.081298828 738.596191406 787.945556641
eeg 875.129516602 884.999450684 870.194580078 735.306213379
eeg 806.040344238 884.999450684 870.194580078 866.904663086
eeg 865.259643555 832.360046387 843.874938965 866.904663086
eeg 835.650024414 779.720703125 764.91583252 866.904663086
eeg 789.590576172 753.401000977 738.596191406 787.945556641
eeg 825.780151367 858.679748535 843.874938965 761.625915527
eeg 852.09979248 911.319091797 896.514282227 840.584960938
eeg 809.330322266 832.360046387 843.874938965 893.224304199
eeg 802.750427246 832.360046387 843.874938965 840.584960938
eeg 796.170471191 832.360046387 843.874938965 840.584960938
a nan nan nan nan
b nan nan nan nan
d nan nan nan nan
g nan nan nan nan
t nan nan nan nan
h 4.0 4.0 4.0 4.0
c 0.0
Aa 0.0 0.0 0.0 0.0
Ab 0.0 0.0 0.0 0.0
Ad 0.0 0.0 0.0 0.0
Ag 0.0 0.0 0.0 0.0
At 0.0 0.0 0.0 0.0
as 0.0 0.0 0.0 0.0
bs 0.0 0.0 0.0 0.0
ds 0.0 0.0 0.0 0.0
gs 0.0 0.0 0.0 0.0
ts 0.0 0.0 0.0 0.0
eeg 842.229919434 779.720703125 764.91583252 787.945556641
eeg 881.709472656 911.319091797 896.514282227 735.306213379
eeg 806.040344238 911.319091797 896.514282227 866.904663086
eeg 860.324707031 832.360046387 852.09979248 896.514282227
eeg 820.845214844 779.720703125 746.821105957 843.874938965
eeg 784.655639648 727.081298828 694.18170166 738.596191406
eeg 817.555236816 779.720703125 746.821105957 738.596191406
eeg 843.874938965 832.360046387 799.460449219 791.235534668
eeg 804.395385742 779.720703125 746.821105957 843.874938965
eeg 797.815490723 779.720703125 746.821105957 791.235534668
eeg 794.525512695 779.720703125 746.821105957 791.235534668
eeg 827.425109863 727.081298828 694.18170166 791.235534668
eeg 883.354431152 832.360046387 799.460449219 738.596191406
eeg 801.105407715 832.360046387 799.460449219 843.874938965
eeg 850.454833984 779.720703125 746.821105957 843.874938965
eeg 830.715087891 779.720703125 746.821105957 843.874938965
eeg 784.655639648 779.720703125 746.821105957 791.235534668
eeg 820.845214844 832.360046387 852.09979248 791.235534668
eeg 850.454833984 884.999450684 904.739196777 843.874938965
eeg 810.975280762 832.360046387 852.09979248 896.514282227
eeg 797.815490723 799.460449219 829.070068359 791.235534668
eeg 804.395385742 819.200195312 815.91027832 791.235534668
a nan nan nan nan
b nan nan nan nan
d nan nan nan nan
g nan nan nan nan
t nan nan nan nan
h 4.0 4.0 4.0 4.0
c 0.0
Aa 0.0 0.0 0.0 0.0
Ab 0.0 0.0 0.0 0.0
Ad 0.0 0.0 0.0 0.0
Ag 0.0 0.0 0.0 0.0
At 0.0 0.0 0.0 0.0
as 0.0 0.0 0.0 0.0
bs 0.0 0.0 0.0 0.0
ds 0.0 0.0 0.0 0.0
gs 0.0 0.0 0.0 0.0
ts 0.0 0.0 0.0 0.0
eeg 837.29498291 773.14074707 756.690979004 791.235534668
eeg 889.934387207 894.86932373 884.999450684 738.596191406
eeg 804.395385742 924.478942871 908.029174805 843.874938965
eeg 843.874938965 812.620300293 825.780151367 843.874938965
eeg 827.425109863 786.300598145 789.590576172 791.235534668
eeg 781.365661621 773.14074707 763.270874023 791.235534668
eeg 817.555236816 868.549621582 858.679748535 791.235534668
eeg 853.744812012 937.638793945 931.058898926 843.874938965
eeg 801.105407715 832.360046387 842.229919434 896.514282227
eeg 784.655639648 796.170471191 812.620300293 843.874938965
eeg 801.105407715 825.780151367 835.650024414 843.874938965
eeg 834.005004883 789.590576172 769.850830078 843.874938965
eeg 893.224304199 875.129516602 891.579345703 791.235534668
eeg 797.815490723 931.058898926 921.188964844 896.514282227
eeg 832.360046387 825.780151367 763.270874023 929.413879395
eeg 819.200195312 852.09979248 763.270874023 837.29498291
eeg 774.785766602 878.419494629 763.270874023 797.815490723
eeg 797.815490723 957.378540039 868.549621582 778.075683594
eeg 843.874938965 1010.01794434 921.188964844 870.194580078
eeg 814.265258789 904.739196777 815.91027832 935.993835449
eeg 781.365661621 878.419494629 815.91027832 837.29498291
eeg 809.330322266 904.739196777 815.91027832 810.975280762
a nan nan nan nan
b nan nan nan nan
d nan nan nan nan
g nan nan nan nan
t nan nan nan nan
h 4.0 4.0 4.0 4.0
c 0.0
Aa 0.0 0.0 0.0 0.0
Ab 0.0 0.0 0.0 0.0
Ad 0.0 0.0 0.0 0.0
Ag 0.0 0.0 0.0 0.0
At 0.0 0.0 0.0 0.0
as 0.0 0.0 0.0 0.0
bs 0.0 0.0 0.0 0.0
ds 0.0 0.0 0.0 0.0
gs 0.0 0.0 0.0 0.0
ts 0.0 0.0 0.0 0.0
eeg 843.874938965 878.419494629 815.91027832 817.555236816
eeg 891.579345703 931.058898926 868.549621582 771.495788574
eeg 817.555236816 983.698242188 921.188964844 873.484558105
eeg 825.780151367 852.09979248 815.91027832 909.674133301
eeg 814.265258789 825.780151367 815.91027832 797.815490723
eeg 783.010620117 825.780151367 815.91027832 784.655639648
eeg 812.620300293 878.419494629 868.549621582 771.495788574
eeg 858.679748535 931.058898926 921.188964844 863.614685059
eeg 817.555236816 825.780151367 842.229919434 929.413879395
eeg 796.170471191 799.460449219 815.91027832 827.425109863
eeg 820.845214844 852.09979248 842.229919434 797.815490723
eeg 852.09979248 852.09979248 815.91027832 817.555236816
eeg 893.224304199 904.739196777 868.549621582 787.945556641
eeg 802.750427246 957.378540039 921.188964844 870.194580078
eeg 815.91027832 825.780151367 789.590576172 919.544006348
eeg 848.809875488 825.780151367 789.590576172 794.525512695
eeg 786.300598145 852.09979248 789.590576172 778.075683594
eeg 789.590576172 904.739196777 868.549621582 781.365661621
eeg 842.229919434 931.058898926 921.188964844 870.194580078
eeg 809.330322266 825.780151367 815.91027832 932.703857422
eeg 789.590576172 773.14074707 789.590576172 824.135131836
eeg 812.620300293 825.780151367 842.229919434 787.945556641
a nan nan nan nan
b nan nan nan nan
d nan nan nan nan
g nan nan nan nan
t nan nan nan nan
h 4.0 4.0 4.0 4.0
c 0.0
Aa 0.0 0.0 0.0 0.0
Ab 0.0 0.0 0.0 0.0
Ad 0.0 0.0 0.0 0.0
Ag 0.0 0.0 0.0 0.0
At 0.0 0.0 0.0 0.0
as 0.0 0.0 0.0 0.0
bs 0.0 0.0 0.0 0.0
ds 0.0 0.0 0.0 0.0
gs 0.0 0.0 0.0 0.0
ts 0.0 0.0 0.0 0.0
eeg 834.005004883 825.780151367 842.229919434 817.555236816
eeg 880.064453125 852.09979248 868.549621582 801.105407715
eeg 783.010620117 904.739196777 973.828369141 880.064453125
eeg 814.265258789 799.460449219 921.188964844 932.703857422
eeg 842.229919434 799.460449219 921.188964844 801.105407715
eeg 799.460449219 852.09979248 921.188964844 801.105407715
eeg 801.105407715 904.739196777 973.828369141 801.105407715
eeg 847.164855957 904.739196777 973.828369141 880.064453125
eeg 807.68536377 852.09979248 868.549621582 932.703857422
eeg 796.170471191 799.460449219 815.91027832 827.425109863
eeg 815.91027832 852.09979248 868.549621582 801.105407715
eeg 860.324707031 852.09979248 868.549621582 827.425109863
eeg 871.839599609 852.09979248 868.549621582 827.425109863
eeg 830.715087891 904.739196777 921.188964844 853.744812012
eeg 810.975280762 799.460449219 815.91027832 906.384155273
eeg 861.969726562 799.460449219 815.91027832 774.785766602
eeg 825.780151367 852.09979248 868.549621582 774.785766602
eeg 820.845214844 904.739196777 921.188964844 801.105407715
eeg 865.259643555 904.739196777 973.828369141 906.384155273
eeg 873.484558105 799.460449219 868.549621582 959.02355957
eeg 834.005004883 746.821105957 815.91027832 853.744812012
eeg 829.070068359 852.09979248 894.86932373 853.744812012
a nan nan nan nan
b nan nan nan nan
d nan nan nan nan
g nan nan nan nan
t nan nan nan nan
h 4.0 4.0 4.0 4.0
c 0.0
Aa 0.0 0.0 0.0 0.0
Ab 0.0 0.0 0.0 0.0
Ad 0.0 0.0 0.0 0.0
Ag 0.0 0.0 0.0 0.0
At 0.0 0.0 0.0 0.0
as 0.0 0.0 0.0 0.0
bs 0.0 0.0 0.0 0.0
ds 0.0 0.0 0.0 0.0
gs 0.0 0.0 0.0 0.0
ts 0.0 0.0 0.0 0.0
eeg 880.064453125 852.09979248 894.86932373 906.384155273
eeg 865.259643555 852.09979248 894.86932373 906.384155273
eeg 837.29498291 904.739196777 973.828369141 906.384155273
eeg 820.845214844 799.460449219 842.229919434 959.02355957
eeg 866.904663086 799.460449219 815.91027832 853.744812012
eeg 842.229919434 904.739196777 894.86932373 853.744812012
eeg 852.09979248 904.739196777 921.188964844 853.744812012
eeg 883.354431152 904.739196777 921.188964844 906.384155273
eeg 881.709472656 852.09979248 842.229919434 906.384155273
eeg 848.809875488 799.460449219 789.590576172 853.744812012
eeg 857.034729004 904.739196777 842.229919434 801.105407715
eeg 893.224304199 904.739196777 868.549621582 853.744812012
eeg 865.259643555 878.419494629 868.549621582 880.064453125
eeg 842.229919434 852.09979248 921.188964844 906.384155273
eeg 822.49017334 773.14074707 815.91027832 985.343200684
eeg 865.259643555 746.821105957 789.590576172 880.064453125
eeg 822.49017334 878.419494629 868.549621582 880.064453125
eeg 847.164855957 878.419494629 868.549621582 932.703857422
eeg 884.999450684 878.419494629 868.549621582 959.02355957
eeg 860.324707031 799.460449219 789.590576172 985.343200684
eeg 832.360046387 746.821105957 736.951171875 880.064453125
eeg 840.584960938 852.09979248 815.91027832 827.425109863
a nan nan nan nan
b nan nan nan nan
d nan nan nan nan
g nan nan nan nan
t nan nan nan nan
h 4.0 4.0 4.0 4.0
c 0.0
Aa 0.0 0.0 0.0 0.0
Ab 0.0 0.0 0.0 0.0
Ad 0.0 0.0 0.0 0.0
Ag 0.0 0.0 0.0 0.0
At 0.0 0.0 0.0 0.0
as 0.0 0.0 0.0 0.0
bs 0.0 0.0 0.0 0.0
ds 0.0 0.0 0.0 0.0
gs 0.0 0.0 0.0 0.0
ts 0.0 0.0 0.0 0.0
eeg 871.839599609 878.419494629 842.229919434 880.064453125
eeg 838.940002441 878.419494629 842.229919434 880.064453125
eeg 815.91027832 878.419494629 868.549621582 880.064453125
eeg 810.975280762 825.780151367 789.590576172 932.703857422
eeg 858.679748535 773.14074707 763.270874023 801.105407715
eeg 837.29498291 904.739196777 868.549621582 774.785766602
eeg 827.425109863 852.09979248 921.188964844 827.425109863
eeg 858.679748535 852.09979248 973.828369141 827.425109863
eeg 843.874938965 799.460449219 921.188964844 827.425109863
eeg 815.91027832 746.821105957 868.549621582 774.785766602
eeg 843.874938965 852.09979248 921.188964844 722.146362305
eeg 863.614685059 852.09979248 921.188964844 774.785766602
eeg 834.005004883 852.09979248 921.188964844 774.785766602
eeg 814.265258789 852.09979248 921.188964844 774.785766602
eeg 806.040344238 799.460449219 868.549621582 827.425109863
eeg 853.744812012 746.821105957 815.91027832 722.146362305
eeg 847.164855957 852.09979248 921.188964844 722.146362305
eeg 814.265258789 852.09979248 921.188964844 827.425109863
eeg 857.034729004 852.09979248 921.188964844 827.425109863
eeg 848.809875488 799.460449219 868.549621582 827.425109863
eeg 799.460449219 746.821105957 815.91027832 774.785766602
eeg 809.330322266 852.09979248 868.549621582 722.146362305
a nan nan nan nan
b nan nan nan nan
d nan nan nan nan
g nan nan nan nan
t nan nan nan nan
h 4.0 4.0 4.0 4.0
c 0.0
Aa 0.0 0.0 0.0 0.0
Ab 0.0 0.0 0.0 0.0
Ad 0.0 0.0 0.0 0.0
Ag 0.0 0.0 0.0 0.0
At 0.0 0.0 0.0 0.0
as 0.0 0.0 0.0 0.0
bs 0.0 0.0 0.0 0.0
ds 0.0 0.0 0.0 0.0
gs 0.0 0.0 0.0 0.0
ts 0.0 0.0 0.0 0.0
eeg 853.744812012 909.674133301 899.804260254 842.229919434
eeg 817.555236816 857.034729004 847.164855957 894.86932373
eeg 807.68536377 830.715087891 820.845214844 868.549621582
eeg 809.330322266 778.075683594 768.205810547 894.86932373
eeg 843.874938965 672.796936035 715.566467285 815.91027832
eeg 855.389770508 804.395385742 847.164855957 789.590576172
eeg 819.200195312 804.395385742 847.164855957 894.86932373
eeg 853.744812012 778.075683594 847.164855957 894.86932373
eeg 840.584960938 725.436340332 794.525512695 894.86932373
eeg 797.815490723 699.116638184 741.886108398 815.91027832
eeg 809.330322266 804.395385742 847.164855957 763.270874023
eeg 857.034729004 857.034729004 873.484558105 842.229919434
eeg 838.940002441 804.395385742 847.164855957 868.549621582
eeg 827.425109863 804.395385742 847.164855957 842.229919434
eeg 817.555236816 804.395385742 820.845214844 868.549621582
eeg 866.904663086 725.436340332 741.886108398 789.590576172
eeg 857.034729004 883.354431152 873.484558105 763.270874023
eeg 834.005004883 830.715087891 820.845214844 868.549621582
eeg 866.904663086 778.075683594 768.205810547 868.549621582
eeg 861.969726562 725.436340332 715.566467285 868.549621582
eeg 817.555236816 725.436340332 715.566467285 789.590576172
eeg 809.330322266 830.715087891 820.845214844 736.951171875
a nan nan nan nan
b nan nan nan nan
d nan nan nan nan
g nan nan nan nan
t nan nan nan nan
h 4.0 4.0 4.0 4.0
c 0.0
Aa 0.0 0.0 0.0 0.0
Ab 0.0 0.0 0.0 0.0
Ad 0.0 0.0 0.0 0.0
Ag 0.0 0.0 0.0 0.0
At 0.0 0.0 0.0 0.0
as 0.0 0.0 0.0 0.0
bs 0.0 0.0 0.0 0.0
ds 0.0 0.0 0.0 0.0
gs 0.0 0.0 0.0 0.0
ts 0.0 0.0 0.0 0.0
eeg 842.229919434 883.354431152 873.484558105 815.91027832
eeg 824.135131836 830.715087891 820.845214844 842.229919434
eeg 810.975280762 830.715087891 820.845214844 815.91027832
eeg 824.135131836 830.715087891 820.845214844 815.91027832
eeg 845.519897461 778.075683594 768.205810547 763.270874023
eeg 860.324707031 883.354431152 873.484558105 710.631530762
eeg 817.555236816 883.354431152 873.484558105 842.229919434
eeg 848.809875488 830.715087891 820.845214844 842.229919434
eeg 866.904663086 830.715087891 768.205810547 842.229919434
eeg 807.68536377 830.715087891 768.205810547 789.590576172
eeg 801.105407715 883.354431152 873.484558105 763.270874023
eeg 843.874938965 945.863708496 873.484558105 763.270874023
eeg 832.360046387 850.454833984 768.205810547 815.91027832
eeg 815.91027832 820.845214844 768.205810547 763.270874023
eeg 830.715087891 834.005004883 768.205810547 763.270874023
eeg 853.744812012 771.495788574 715.566467285 763.270874023
eeg 857.034729004 889.934387207 820.845214844 710.631530762
eeg 830.715087891 912.964111328 820.845214844 815.91027832
eeg 860.324707031 804.395385742 768.205810547 815.91027832
eeg 857.034729004 781.365661621 768.205810547 815.91027832
eeg 827.425109863 768.205810547 768.205810547 763.270874023
eeg 842.229919434 863.614685059 820.845214844 763.270874023
a nan nan nan nan
b nan nan nan nan
d nan nan nan nan
g nan nan nan nan
t nan nan nan nan
h 4.0 4.0 4.0 4.0
c 0.0
Aa 0.0 0.0 0.0 0.0
Ab 0.0 0.0 0.0 0.0
Ad 0.0 0.0 0.0 0.0
Ag 0.0 0.0 0.0 0.0
At 0.0 0.0 0.0 0.0
as 0.0 0.0 0.0 0.0
bs 0.0 0.0 0.0 0.0
ds 0.0 0.0 0.0 0.0
gs 0.0 0.0 0.0 0.0
ts 0.0 0.0 0.0 0.0
eeg 866.904663086 932.703857422 873.484558105 815.91027832
eeg 845.519897461 837.29498291 820.845214844 868.549621582
eeg 832.360046387 801.105407715 820.845214844 815.91027832
eeg 830.715087891 820.845214844 820.845214844 815.91027832
eeg 886.64440918 784.655639648 768.205810547 815.91027832
eeg 861.969726562 837.29498291 847.164855957 736.951171875
eeg 827.425109863 889.934387207 873.484558105 842.229919434
eeg 858.679748535 784.655639648 768.205810547 842.229919434
eeg 861.969726562 784.655639648 768.205810547 789.590576172
eeg 835.650024414 784.655639648 768.205810547 736.951171875
eeg 829.070068359 837.29498291 847.164855957 710.631530762
eeg 861.969726562 889.934387207 899.804260254 789.590576172
eeg 830.715087891 784.655639648 794.525512695 842.229919434
eeg 807.68536377 784.655639648 794.525512695 763.270874023
eeg 799.460449219 784.655639648 794.525512695 763.270874023
eeg 822.49017334 784.655639648 768.205810547 763.270874023
eeg 855.389770508 837.29498291 847.164855957 710.631530762
eeg 778.075683594 889.934387207 873.484558105 842.229919434
eeg 812.620300293 784.655639648 768.205810547 868.549621582
eeg 812.620300293 784.655639648 768.205810547 815.91027832
eeg 773.14074707 784.655639648 768.205810547 789.590576172
eeg 789.590576172 889.934387207 873.484558105 736.951171875
a nan nan nan nan
b nan nan nan nan
d nan nan nan nan
g nan nan nan nan
t nan nan nan nan
h 4.0 4.0 4.0 4.0
c 0.0
Aa 0.0 0.0 0.0 0.0
Ab 0.0 0.0 0.0 0.0
Ad 0.0 0.0 0.0 0.0
Ag 0.0 0.0 0.0 0.0
At 0.0 0.0 0.0 0.0
as 0.0 0.0 0.0 0.0
bs 0.0 0.0 0.0 0.0
ds 0.0 0.0 0.0 0.0
gs 0.0 0.0 0.0 0.0
ts 0.0 0.0 0.0 0.0
eeg 815.91027832 942.573730469 952.443603516 815.91027832
eeg 786.300598145 837.29498291 847.164855957 868.549621582
eeg 778.075683594 810.975280762 820.845214844 789.590576172
eeg 789.590576172 837.29498291 847.164855957 789.590576172
eeg 845.519897461 837.29498291 820.845214844 789.590576172
eeg 853.744812012 889.934387207 899.804260254 763.270874023
eeg 791.235534668 942.573730469 926.123962402 868.549621582
eeg 824.135131836 810.975280762 794.525512695 894.86932373
eeg 830.715087891 810.975280762 794.525512695 815.91027832
eeg 809.330322266 810.975280762 794.525512695 789.590576172
eeg 802.750427246 863.614685059 873.484558105 789.590576172
eeg 837.29498291 889.934387207 926.123962402 868.549621582
eeg 837.29498291 784.655639648 820.845214844 921.188964844
eeg 817.555236816 758.3359375 794.525512695 842.229919434
eeg 842.229919434 810.975280762 820.845214844 815.91027832
eeg 865.259643555 817.555236816 847.164855957 815.91027832
eeg 848.809875488 857.034729004 899.804260254 789.590576172
eeg 840.584960938 942.573730469 952.443603516 868.549621582
eeg 848.809875488 804.395385742 820.845214844 894.86932373
eeg 866.904663086 784.655639648 794.525512695 789.590576172
eeg 837.29498291 824.135131836 820.845214844 789.590576172
eeg 817.555236816 889.934387207 873.484558105 789.590576172
a nan nan nan nan
b nan nan nan nan
d nan nan nan nan
g nan nan nan nan
t nan nan nan nan
h 4.0 4.0 4.0 4.0
c 0.0
Aa 0.0 0.0 0.0 0.0
Ab 0.0 0.0 0.0 0.0
Ad 0.0 0.0 0.0 0.0
Ag 0.0 0.0 0.0 0.0
At 0.0 0.0 0.0 0.0
as 0.0 0.0 0.0 0.0
bs 0.0 0.0 0.0 0.0
ds 0.0 0.0 0.0 0.0
gs 0.0 0.0 0.0 0.0
ts 0.0 0.0 0.0 0.0
eeg 861.969726562 929.413879395 926.123962402 868.549621582
eeg 848.809875488 830.715087891 820.845214844 921.188964844
eeg 817.555236816 771.495788574 794.525512695 815.91027832
eeg 817.555236816 843.874938965 847.164855957 789.590576172
eeg 850.454833984 843.874938965 847.164855957 789.590576172
eeg 848.809875488 863.614685059 873.484558105 789.590576172
eeg 807.68536377 949.153686523 926.123962402 842.229919434
eeg 815.91027832 804.395385742 794.525512695 894.86932373
eeg 843.874938965 778.075683594 768.205810547 789.590576172
eeg 797.815490723 883.354431152 820.845214844 842.229919434
eeg 776.430725098 935.993835449 926.123962402 842.229919434
eeg 817.555236816 935.993835449 978.763305664 894.86932373
eeg 827.425109863 830.715087891 926.123962402 947.508666992
eeg 802.750427246 778.075683594 873.484558105 842.229919434
eeg 797.815490723 830.715087891 926.123962402 842.229919434
eeg 842.229919434 830.715087891 926.123962402 842.229919434
eeg 825.780151367 830.715087891 926.123962402 842.229919434
eeg 784.655639648 883.354431152 978.763305664 894.86932373
eeg 810.975280762 778.075683594 820.845214844 947.508666992
eeg 848.809875488 778.075683594 820.845214844 842.229919434
eeg 829.070068359 830.715087891 873.484558105 842.229919434
eeg 819.200195312 830.715087891 926.123962402 842.229919434
a nan nan nan nan
b nan nan nan nan
d nan nan nan nan
g nan nan nan nan
t nan nan nan nan
h 4.0 4.0 4.0 4.0
c 0.0
Aa 0.0 0.0 0.0 0.0
Ab 0.0 0.0 0.0 0.0
Ad 0.0 0.0 0.0 0.0
Ag 0.0 0.0 0.0 0.0
At 0.0 0.0 0.0 0.0
as 0.0 0.0 0.0 0.0
bs 0.0 0.0 0.0 0.0
ds 0.0 0.0 0.0 0.0
gs 0.0 0.0 0.0 0.0
ts 0.0 0.0 0.0 0.0
eeg 834.005004883 830.715087891 926.123962402 894.86932373
eeg 837.29498291 778.075683594 820.845214844 947.508666992
eeg 827.425109863 725.436340332 768.205810547 842.229919434
eeg 825.780151367 830.715087891 873.484558105 842.229919434
eeg 860.324707031 857.034729004 873.484558105 868.549621582
eeg 829.070068359 857.034729004 873.484558105 868.549621582
eeg 797.815490723 883.354431152 926.123962402 894.86932373
eeg 804.395385742 804.395385742 820.845214844 947.508666992
eeg 832.360046387 778.075683594 820.845214844 815.91027832
eeg 814.265258789 883.354431152 873.484558105 815.91027832
eeg 804.395385742 883.354431152 873.484558105 842.229919434
eeg 830.715087891 883.354431152 873.484558105 894.86932373
eeg 820.845214844 804.395385742 820.845214844 947.508666992
eeg 783.010620117 751.75604248 768.205810547 842.229919434
eeg 778.075683594 857.034729004 820.845214844 815.91027832
eeg 815.91027832 883.354431152 820.845214844 868.549621582
eeg 801.105407715 857.034729004 820.845214844 868.549621582
eeg 787.945556641 883.354431152 873.484558105 868.549621582
eeg 809.330322266 830.715087891 820.845214844 947.508666992
eeg 857.034729004 751.75604248 753.401000977 794.525512695
eeg 845.519897461 857.034729004 832.360046387 820.845214844
eeg 835.650024414 857.034729004 858.679748535 899.804260254
a nan nan nan nan
b nan nan nan nan
d nan nan nan nan
g nan nan nan nan
t nan nan nan nan
h 4.0 4.0 4.0 4.0
c 0.0
Aa 0.0 0.0 0.0 0.0
Ab 0.0 0.0 0.0 0.0
Ad 0.0 0.0 0.0 0.0
Ag 0.0 0.0 0.0 0.0
At 0.0 0.0 0.0 0.0
as 0.0 0.0 0.0 0.0
bs 0.0 0.0 0.0 0.0
ds 0.0 0.0 0.0 0.0
gs 0.0 0.0 0.0 0.0
ts 0.0 0.0 0.0 0.0
eeg 865.259643555 857.034729004 858.679748535 978.763305664
eeg 871.839599609 804.395385742 779.720703125 1005.08300781
eeg 830.715087891 751.75604248 727.081298828 899.804260254
eeg 824.135131836 857.034729004 832.360046387 847.164855957
eeg 855.389770508 857.034729004 858.679748535 899.804260254
eeg 848.809875488 857.034729004 858.679748535 899.804260254
eeg 827.425109863 857.034729004 884.999450684 899.804260254
eeg 830.715087891 804.395385742 806.040344238 952.443603516
eeg 863.614685059 751.75604248 779.720703125 820.845214844
eeg 829.070068359 857.034729004 884.999450684 820.845214844
eeg 817.555236816 857.034729004 884.999450684 873.484558105
eeg 845.519897461 857.034729004 884.999450684 899.804260254
eeg 837.29498291 804.395385742 806.040344238 926.123962402
eeg 807.68536377 751.75604248 753.401000977 820.845214844
eeg 799.460449219 830.715087891 806.040344238 768.205810547
eeg 842.229919434 830.715087891 832.360046387 820.845214844
eeg 840.584960938 804.395385742 806.040344238 847.164855957
eeg 807.68536377 804.395385742 806.040344238 847.164855957
eeg 799.460449219 778.075683594 753.401000977 899.804260254
eeg 847.164855957 699.116638184 700.76159668 794.525512695
eeg 825.780151367 830.715087891 832.360046387 768.205810547
eeg 794.525512695 830.715087891 858.679748535 847.164855957
a nan nan nan nan
b nan nan nan nan
d nan nan nan nan
g nan nan nan nan
t nan nan nan nan
h 4.0 4.0 4.0 4.0
c 0.0
Aa 0.0 0.0 0.0 0.0
Ab 0.0 0.0 0.0 0.0
Ad 0.0 0.0 0.0 0.0
Ag 0.0 0.0 0.0 0.0
At 0.0 0.0 0.0 0.0
as 0.0 0.0 0.0 0.0
bs 0.0 0.0 0.0 0.0
ds 0.0 0.0 0.0 0.0
gs 0.0 0.0 0.0 0.0
ts 0.0 0.0 0.0 0.0
eeg 822.49017334 804.395385742 858.679748535 847.164855957
eeg 827.425109863 751.75604248 779.720703125 873.484558105
eeg 814.265258789 725.436340332 727.081298828 794.525512695
eeg 815.91027832 830.715087891 832.360046387 741.886108398
eeg 843.874938965 883.354431152 858.679748535 820.845214844
eeg 832.360046387 830.715087891 832.360046387 847.164855957
eeg 812.620300293 830.715087891 832.360046387 847.164855957
eeg 824.135131836 830.715087891 806.040344238 899.804260254
eeg 866.904663086 725.436340332 753.401000977 820.845214844
eeg 853.744812012 778.075683594 858.679748535 820.845214844
eeg 840.584960938 778.075683594 858.679748535 926.123962402
eeg 855.389770508 725.436340332 858.679748535 926.123962402
eeg 865.259643555 672.796936035 806.040344238 926.123962402
eeg 830.715087891 672.796936035 806.040344238 847.164855957
eeg 817.555236816 778.075683594 858.679748535 794.525512695
eeg 860.324707031 830.715087891 911.319091797 873.484558105
eeg 847.164855957 778.075683594 858.679748535 899.804260254
eeg 829.070068359 778.075683594 858.679748535 873.484558105
eeg 822.49017334 778.075683594 858.679748535 899.804260254
eeg 861.969726562 725.436340332 806.040344238 820.845214844
eeg 845.519897461 830.715087891 911.319091797 794.525512695
eeg 820.845214844 830.715087891 911.319091797 899.804260254
a nan nan nan nan
b nan nan nan nan
d nan nan nan nan
g nan nan nan nan
t nan nan nan nan
h 4.0 4.0 4.0 4.0
c 0.0
Aa 0.0 0.0 0.0 0.0
Ab 0.0 0.0 0.0 0.0
Ad 0.0 0.0 0.0 0.0
Ag 0.0 0.0 0.0 0.0
At 0.0 0.0 0.0 0.0
as 0.0 0.0 0.0 0.0
bs 0.0 0.0 0.0 0.0
ds 0.0 0.0 0.0 0.0
gs 0.0 0.0 0.0 0.0
ts 0.0 0.0 0.0 0.0
eeg 832.360046387 778.075683594 858.679748535 899.804260254
eeg 855.389770508 778.075683594 806.040344238 899.804260254
eeg 819.200195312 725.436340332 753.401000977 794.525512695
eeg 809.330322266 830.715087891 806.040344238 741.886108398
eeg 834.005004883 883.354431152 806.040344238 794.525512695
eeg 815.91027832 830.715087891 753.401000977 794.525512695
eeg 817.555236816 830.715087891 753.401000977 794.525512695
eeg 822.49017334 830.715087891 753.401000977 794.525512695
eeg 848.809875488 778.075683594 700.76159668 741.886108398
eeg 832.360046387 883.354431152 806.040344238 689.246765137
eeg 814.265258789 883.354431152 806.040344238 794.525512695
eeg 845.519897461 778.075683594 753.401000977 794.525512695
eeg 866.904663086 778.075683594 700.76159668 794.525512695
eeg 840.584960938 778.075683594 700.76159668 741.886108398
eeg 830.715087891 830.715087891 806.040344238 741.886108398
eeg 855.389770508 883.354431152 858.679748535 794.525512695
eeg 850.454833984 778.075683594 806.040344238 847.164855957
eeg 832.360046387 778.075683594 806.040344238 847.164855957
eeg 834.005004883 804.395385742 820.845214844 847.164855957
eeg 848.809875488 804.395385742 756.690979004 794.525512695
eeg 827.425109863 883.354431152 880.064453125 741.886108398
eeg 824.135131836 909.674133301 911.319091797 847.164855957
a nan nan nan nan
b nan nan nan nan
d nan nan nan nan
g nan nan nan nan
t nan nan nan nan
h 4.0 4.0 4.0 4.0
c 0.0
Aa 0.0 0.0 0.0 0.0
Ab 0.0 0.0 0.0 0.0
Ad 0.0 0.0 0.0 0.0
Ag 0.0 0.0 0.0 0.0
At 0.0 0.0 0.0 0.0
as 0.0 0.0 0.0 0.0
bs 0.0 0.0 0.0 0.0
ds 0.0 0.0 0.0 0.0
gs 0.0 0.0 0.0 0.0
ts 0.0 0.0 0.0 0.0
eeg 850.454833984 804.395385742 810.975280762 847.164855957
eeg 855.389770508 804.395385742 783.010620117 847.164855957
eeg 815.91027832 804.395385742 766.560852051 794.525512695
eeg 820.845214844 883.354431152 875.129516602 794.525512695
eeg 857.034729004 935.993835449 934.348815918 847.164855957
eeg 829.070068359 830.715087891 835.650024414 899.804260254
eeg 804.395385742 804.395385742 801.105407715 847.164855957
eeg 789.590576172 830.715087891 806.040344238 847.164855957
eeg 814.265258789 830.715087891 779.720703125 847.164855957
eeg 799.460449219 883.354431152 888.289367676 794.525512695
eeg 783.010620117 935.993835449 921.188964844 899.804260254
eeg 797.815490723 804.395385742 807.68536377 899.804260254
eeg 812.620300293 784.655639648 807.68536377 847.164855957
eeg 799.460449219 804.395385742 834.005004883 741.886108398
eeg 794.525512695 883.354431152 912.964111328 741.886108398
eeg 838.940002441 942.573730469 965.60345459 794.525512695
eeg 865.259643555 824.135131836 860.324707031 847.164855957
eeg 838.940002441 791.235534668 834.005004883 794.525512695
eeg 810.975280762 843.874938965 860.324707031 794.525512695
eeg 853.744812012 824.135131836 834.005004883 794.525512695
eeg 845.519897461 857.034729004 886.64440918 741.886108398
eeg 827.425109863 949.153686523 965.60345459 847.164855957
a nan nan nan nan
b nan nan nan nan
d nan nan nan nan
g nan nan nan nan
t nan nan nan nan
h 4.0 4.0 4.0 4.0
c 0.0
Aa 0.0 0.0 0.0 0.0
Ab 0.0 0.0 0.0 0.0
Ad 0.0 0.0 0.0 0.0
Ag 0.0 0.0 0.0 0.0
At 0.0 0.0 0.0 0.0
as 0.0 0.0 0.0 0.0
bs 0.0 0.0 0.0 0.0
ds 0.0 0.0 0.0 0.0
gs 0.0 0.0 0.0 0.0
ts 0.0 0.0 0.0 0.0
eeg 834.005004883 804.395385742 834.005004883 847.164855957
eeg 860.324707031 778.075683594 807.68536377 794.525512695
eeg 840.584960938 817.555236816 807.68536377 794.525512695
eeg 819.200195312 896.514282227 886.64440918 794.525512695
eeg 847.164855957 929.413879395 912.964111328 847.164855957
eeg 848.809875488 817.555236816 807.68536377 899.804260254
eeg 804.395385742 817.555236816 807.68536377 820.845214844
eeg 801.105407715 896.514282227 860.324707031 820.845214844
eeg 815.91027832 922.833984375 860.324707031 820.845214844
eeg 820.845214844 949.153686523 886.64440918 768.205810547
eeg 807.68536377 1001.79302979 965.60345459 873.484558105
eeg 832.360046387 843.874938965 834.005004883 899.804260254
eeg 850.454833984 843.874938965 834.005004883 820.845214844
eeg 822.49017334 870.194580078 834.005004883 794.525512695
eeg 845.519897461 922.833984375 860.324707031 768.205810547
eeg 868.549621582 949.153686523 939.283752441 847.164855957
eeg 866.904663086 870.194580078 860.324707031 899.804260254
eeg 840.584960938 817.555236816 807.68536377 820.845214844
eeg 830.715087891 870.194580078 860.324707031 794.525512695
eeg 876.774536133 870.194580078 860.324707031 794.525512695
eeg 853.744812012 896.514282227 886.64440918 768.205810547
eeg 847.164855957 949.153686523 939.283752441 873.484558105
a nan nan nan nan
b nan nan nan nan
d nan nan nan nan
g nan nan nan nan
t nan nan nan nan
h 4.0 4.0 4.0 4.0
c 0.0
Aa 0.0 0.0 0.0 0.0
Ab 0.0 0.0 0.0 0.0
Ad 0.0 0.0 0.0 0.0
Ag 0.0 0.0 0.0 0.0
At 0.0 0.0 0.0 0.0
as 0.0 0.0 0.0 0.0
bs 0.0 0.0 0.0 0.0
ds 0.0 0.0 0.0 0.0
gs 0.0 0.0 0.0 0.0
ts 0.0 0.0 0.0 0.0
eeg 860.324707031 791.235534668 834.005004883 906.384155273
eeg 860.324707031 791.235534668 860.324707031 801.105407715
eeg 830.715087891 843.874938965 886.64440918 781.365661621
eeg 834.005004883 896.514282227 939.283752441 764.91583252
eeg 860.324707031 922.833984375 965.60345459 857.034729004
eeg 857.034729004 843.874938965 886.64440918 929.413879395
eeg 814.265258789 791.235534668 834.005004883 827.425109863
eeg 802.750427246 870.194580078 886.64440918 801.105407715
eeg 830.715087891 896.514282227 886.64440918 817.555236816
eeg 819.200195312 896.514282227 886.64440918 781.365661621
eeg 797.815490723 949.153686523 965.60345459 866.904663086
eeg 802.750427246 843.874938965 834.005004883 919.544006348
eeg 820.845214844 817.555236816 834.005004883 794.525512695
eeg 801.105407715 896.514282227 886.64440918 781.365661621
eeg 809.330322266 922.833984375 912.964111328 778.075683594
eeg 845.519897461 922.833984375 939.283752441 866.904663086
eeg 829.070068359 824.135131836 817.555236816 934.348815918
eeg 815.91027832 751.75604248 791.235534668 829.070068359
eeg 820.845214844 843.874938965 870.194580078 802.750427246
eeg 861.969726562 873.484558105 870.194580078 829.070068359
eeg 832.360046387 861.969726562 870.194580078 829.070068359
eeg 810.975280762 914.609069824 949.153686523 881.709472656
a nan nan nan nan
b nan nan nan nan
d nan nan nan nan
g nan nan nan nan
t nan nan nan nan
h 4.0 4.0 4.0 4.0
c 0.0
Aa 0.0 0.0 0.0 0.0
Ab 0.0 0.0 0.0 0.0
Ad 0.0 0.0 0.0 0.0
Ag 0.0 0.0 0.0 0.0
At 0.0 0.0 0.0 0.0
as 0.0 0.0 0.0 0.0
bs 0.0 0.0 0.0 0.0
ds 0.0 0.0 0.0 0.0
gs 0.0 0.0 0.0 0.0
ts 0.0 0.0 0.0 0.0
eeg 838.940002441 799.460449219 817.555236816 934.348815918
eeg 855.389770508 766.560852051 817.555236816 829.070068359
eeg 847.164855957 880.064453125 870.194580078 829.070068359
eeg 843.874938965 898.159240723 896.514282227 829.070068359
eeg 868.549621582 912.964111328 922.833984375 881.709472656
eeg 850.454833984 820.845214844 843.874938965 934.348815918
eeg 835.650024414 748.466064453 791.235534668 829.070068359
eeg 825.780151367 858.679748535 870.194580078 802.750427246
eeg 853.744812012 884.999450684 870.194580078 829.070068359
eeg 843.874938965 868.549621582 870.194580078 829.070068359
eeg 806.040344238 898.159240723 922.833984375 881.709472656
eeg 825.780151367 792.880554199 794.525512695 960.668518066
eeg 840.584960938 766.560852051 774.785766602 855.389770508
eeg 822.49017334 871.839599609 876.774536133 855.389770508
eeg 819.200195312 871.839599609 909.674133301 855.389770508
eeg 842.229919434 871.839599609 919.544006348 908.029174805
eeg 855.389770508 792.880554199 807.68536377 960.668518066
eeg 819.200195312 740.241149902 751.75604248 855.389770508
eeg 827.425109863 845.519897461 857.034729004 829.070068359
eeg 876.774536133 871.839599609 883.354431152 855.389770508
eeg 847.164855957 845.519897461 866.904663086 855.389770508
eeg 838.940002441 845.519897461 903.094238281 881.709472656
a nan nan nan nan
b nan nan nan nan
d nan nan nan nan
g nan nan nan nan
t nan nan nan nan
h 4.0 4.0 4.0 4.0
c 0.0
Aa 0.0 0.0 0.0 0.0
Ab 0.0 0.0 0.0 0.0
Ad 0.0 0.0 0.0 0.0
Ag 0.0 0.0 0.0 0.0
At 0.0 0.0 0.0 0.0
as 0.0 0.0 0.0 0.0
bs 0.0 0.0 0.0 0.0
ds 0.0 0.0 0.0 0.0
gs 0.0 0.0 0.0 0.0
ts 0.0 0.0 0.0 0.0
eeg 848.809875488 792.880554199 814.265258789 934.348815918
eeg 871.839599609 740.241149902 761.625915527 802.750427246
eeg 853.744812012 871.839599609 886.64440918 802.750427246
eeg 843.874938965 898.159240723 896.514282227 829.070068359
eeg 848.809875488 898.159240723 906.384155273 881.709472656
eeg 860.324707031 792.880554199 827.425109863 934.348815918
eeg 848.809875488 713.921447754 774.785766602 855.389770508
eeg 832.360046387 792.880554199 880.064453125 829.070068359
eeg 853.744812012 819.200195312 906.384155273 908.029174805
eeg 842.229919434 792.880554199 880.064453125 908.029174805
eeg 812.620300293 792.880554199 880.064453125 908.029174805
eeg 814.265258789 766.560852051 827.425109863 960.668518066
eeg 832.360046387 713.921447754 774.785766602 829.070068359
eeg 809.330322266 845.519897461 880.064453125 829.070068359
eeg 802.750427246 845.519897461 906.384155273 881.709472656
eeg 824.135131836 819.200195312 906.384155273 934.348815918
eeg 845.519897461 766.560852051 827.425109863 960.668518066
eeg 824.135131836 740.241149902 774.785766602 855.389770508
eeg 810.975280762 845.519897461 880.064453125 802.750427246
eeg 832.360046387 898.159240723 906.384155273 855.389770508
eeg 827.425109863 871.839599609 880.064453125 855.389770508
eeg 810.975280762 845.519897461 880.064453125 908.029174805
a nan nan nan nan
b nan nan nan nan
d nan nan nan nan
g nan nan nan nan
t nan nan nan nan
h 4.0 4.0 4.0 4.0
c 0.0
Aa 0.0 0.0 0.0 0.0
Ab 0.0 0.0 0.0 0.0
Ad 0.0 0.0 0.0 0.0
Ag 0.0 0.0 0.0 0.0
At 0.0 0.0 0.0 0.0
as 0.0 0.0 0.0 0.0
bs 0.0 0.0 0.0 0.0
ds 0.0 0.0 0.0 0.0
gs 0.0 0.0 0.0 0.0
ts 0.0 0.0 0.0 0.0
eeg 819.200195312 792.880554199 827.425109863 960.668518066
eeg 857.034729004 713.921447754 774.785766602 855.389770508
eeg 822.49017334 819.200195312 880.064453125 855.389770508
eeg 829.070068359 819.200195312 880.064453125 908.029174805
eeg 866.904663086 792.880554199 880.064453125 908.029174805
eeg 878.419494629 740.241149902 827.425109863 908.029174805
eeg 860.324707031 713.921447754 774.785766602 855.389770508
eeg 857.034729004 819.200195312 880.064453125 802.750427246
eeg 888.289367676 871.839599609 906.384155273 855.389770508
eeg 847.164855957 819.200195312 853.744812012 855.389770508
eeg 830.715087891 819.200195312 853.744812012 855.389770508
eeg 850.454833984 819.200195312 827.425109863 908.029174805
eeg 870.194580078 766.560852051 774.785766602 802.750427246
eeg 819.200195312 898.159240723 906.384155273 802.750427246
eeg 802.750427246 898.159240723 906.384155273 855.389770508
eeg 814.265258789 792.880554199 853.744812012 881.709472656
eeg 830.715087891 740.241149902 774.785766602 934.348815918
eeg 827.425109863 740.241149902 748.466064453 855.389770508
eeg 814.265258789 845.519897461 853.744812012 802.750427246
eeg 830.715087891 898.159240723 906.384155273 881.709472656
eeg 835.650024414 845.519897461 853.744812012 908.029174805
eeg 819.200195312 845.519897461 853.744812012 908.029174805
a nan nan nan nan
b nan nan nan nan
d nan nan nan nan
g nan nan nan nan
t nan nan nan nan
h 4.0 4.0 4.0 4.0
c 0.0
Aa 0.0 0.0 0.0 0.0
Ab 0.0 0.0 0.0 0.0
Ad 0.0 0.0 0.0 0.0
Ag 0.0 0.0 0.0 0.0
At 0.0 0.0 0.0 0.0
as 0.0 0.0 0.0 0.0
bs 0.0 0.0 0.0 0.0
ds 0.0 0.0 0.0 0.0
gs 0.0 0.0 0.0 0.0
ts 0.0 0.0 0.0 0.0
eeg 812.620300293 845.519897461 827.425109863 934.348815918
eeg 834.005004883 792.880554199 774.785766602 829.070068359
eeg 814.265258789 898.159240723 906.384155273 802.750427246
eeg 802.750427246 898.159240723 906.384155273 908.029174805
eeg 825.780151367 845.519897461 853.744812012 908.029174805
eeg 829.070068359 845.519897461 801.105407715 908.029174805
eeg 829.070068359 845.519897461 774.785766602 829.070068359
eeg 822.49017334 898.159240723 880.064453125 776.430725098
eeg 852.09979248 950.79864502 932.703857422 855.389770508
eeg 835.650024414 857.034729004 827.425109863 908.029174805
eeg 809.330322266 824.135131836 827.425109863 881.709472656
eeg 829.070068359 837.29498291 827.425109863 908.029174805
eeg 860.324707031 783.010620117 774.785766602 829.070068359
eeg 829.070068359 899.804260254 906.384155273 802.750427246
eeg 832.360046387 932.703857422 906.384155273 908.029174805
eeg 857.034729004 820.845214844 827.425109863 908.029174805
eeg 871.839599609 787.945556641 774.785766602 908.029174805
eeg 845.519897461 774.785766602 774.785766602 829.070068359
eeg 812.620300293 873.484558105 853.744812012 776.430725098
eeg 843.874938965 937.638793945 906.384155273 855.389770508
eeg 832.360046387 830.715087891 827.425109863 881.709472656
eeg 824.135131836 796.170471191 801.105407715 855.389770508
a nan nan nan nan
b nan nan nan nan
d nan nan nan nan
g nan nan nan nan
t nan nan nan nan
h 4.0 4.0 4.0 4.0
c 0.0
Aa 0.0 0.0 0.0 0.0
Ab 0.0 0.0 0.0 0.0
Ad 0.0 0.0 0.0 0.0
Ag 0.0 0.0 0.0 0.0
At 0.0 0.0 0.0 0.0
as 0.0 0.0 0.0 0.0
bs 0.0 0.0 0.0 0.0
ds 0.0 0.0 0.0 0.0
gs 0.0 0.0 0.0 0.0
ts 0.0 0.0 0.0 0.0
eeg 824.135131836 812.620300293 801.105407715 855.389770508
eeg 832.360046387 786.300598145 774.785766602 802.750427246
eeg 812.620300293 875.129516602 880.064453125 750.111022949
eeg 802.750427246 927.768920898 912.964111328 881.709472656
eeg 829.070068359 822.49017334 810.975280762 881.709472656
eeg 838.940002441 822.49017334 786.300598145 881.709472656
eeg 789.590576172 822.49017334 764.91583252 802.750427246
eeg 809.330322266 901.44921875 863.614685059 750.111022949
eeg 830.715087891 954.088623047 934.348815918 829.070068359
eeg 827.425109863 848.809875488 822.49017334 881.709472656
eeg 806.040344238 822.49017334 799.460449219 829.070068359
eeg 814.265258789 848.809875488 825.780151367 829.070068359
eeg 843.874938965 822.49017334 781.365661621 776.430725098
eeg 820.845214844 875.129516602 884.999450684 723.791320801
eeg 817.555236816 927.768920898 917.899047852 855.389770508
eeg 835.650024414 796.170471191 794.525512695 855.389770508
eeg 855.389770508 796.170471191 778.075683594 829.070068359
eeg 832.360046387 796.170471191 774.785766602 776.430725098
eeg 835.650024414 875.129516602 876.774536133 750.111022949
eeg 858.679748535 954.088623047 929.413879395 750.111022949
eeg 861.969726562 848.809875488 824.135131836 802.750427246
eeg 848.809875488 822.49017334 791.235534668 750.111022949
a nan nan nan nan
b nan nan nan nan
d nan nan nan nan
g nan nan nan nan
t nan nan nan nan
h 4.0 4.0 4.0 4.0
c 0.0
Aa 0.0 0.0 0.0 0.0
Ab 0.0 0.0 0.0 0.0
Ad 0.0 0.0 0.0 0.0
Ag 0.0 0.0 0.0 0.0
At 0.0 0.0 0.0 0.0
as 0.0 0.0 0.0 0.0
bs 0.0 0.0 0.0 0.0
ds 0.0 0.0 0.0 0.0
gs 0.0 0.0 0.0 0.0
ts 0.0 0.0 0.0 0.0
eeg 834.005004883 848.809875488 824.135131836 750.111022949
eeg 848.809875488 848.809875488 797.815490723 750.111022949
eeg 817.555236816 875.129516602 870.194580078 697.471679688
eeg 806.040344238 927.768920898 929.413879395 802.750427246
eeg 810.975280762 796.170471191 797.815490723 802.750427246
eeg 825.780151367 796.170471191 784.655639648 802.750427246
eeg 817.555236816 822.49017334 791.235534668 750.111022949
eeg 812.620300293 875.129516602 870.194580078 750.111022949
eeg 834.005004883 901.44921875 929.413879395 802.750427246
eeg 834.005004883 796.170471191 817.555236816 855.389770508
eeg 802.750427246 769.850830078 778.075683594 802.750427246
eeg 801.105407715 822.49017334 817.555236816 802.750427246
eeg 848.809875488 822.49017334 810.975280762 802.750427246
eeg 822.49017334 865.259643555 865.259643555 738.596191406
eeg 810.975280762 944.218688965 944.218688965 870.194580078
eeg 824.135131836 812.620300293 838.940002441 870.194580078
eeg 837.29498291 812.620300293 865.259643555 817.555236816
eeg 830.715087891 838.940002441 891.579345703 791.235534668
eeg 829.070068359 891.579345703 944.218688965 764.91583252
eeg 858.679748535 917.899047852 970.538391113 843.874938965
eeg 858.679748535 812.620300293 865.259643555 896.514282227
eeg 835.650024414 786.300598145 838.940002441 817.555236816
a nan nan nan nan
b nan nan nan nan
d nan nan nan nan
g nan nan nan nan
t nan nan nan nan
h 4.0 4.0 4.0 4.0
c 0.0
Aa 0.0 0.0 0.0 0.0
Ab 0.0 0.0 0.0 0.0
Ad 0.0 0.0 0.0 0.0
Ag 0.0 0.0 0.0 0.0
At 0.0 0.0 0.0 0.0
as 0.0 0.0 0.0 0.0
bs 0.0 0.0 0.0 0.0
ds 0.0 0.0 0.0 0.0
gs 0.0 0.0 0.0 0.0
ts 0.0 0.0 0.0 0.0
eeg 835.650024414 865.259643555 891.579345703 817.555236816
eeg 866.904663086 865.259643555 891.579345703 817.555236816
eeg 863.614685059 865.259643555 891.579345703 764.91583252
eeg 855.389770508 944.218688965 970.538391113 870.194580078
eeg 840.584960938 812.620300293 812.620300293 896.514282227
eeg 842.229919434 812.620300293 812.620300293 817.555236816
eeg 812.620300293 865.259643555 838.940002441 791.235534668
eeg 796.170471191 891.579345703 891.579345703 764.91583252
eeg 824.135131836 944.218688965 944.218688965 817.555236816
eeg 825.780151367 891.579345703 838.940002441 843.874938965
eeg 801.105407715 838.940002441 812.620300293 764.91583252
eeg 802.750427246 891.579345703 891.579345703 764.91583252
eeg 835.650024414 891.579345703 891.579345703 764.91583252
eeg 820.845214844 891.579345703 917.899047852 738.596191406
eeg 797.815490723 944.218688965 970.538391113 843.874938965
eeg 815.91027832 838.940002441 838.940002441 870.194580078
eeg 825.780151367 838.940002441 812.620300293 791.235534668
eeg 801.105407715 944.218688965 865.259643555 791.235534668
eeg 783.010620117 944.218688965 891.579345703 791.235534668
eeg 815.91027832 944.218688965 917.899047852 870.194580078
eeg 825.780151367 891.579345703 838.940002441 922.833984375
eeg 825.780151367 838.940002441 786.300598145 843.874938965
a nan nan nan nan
b nan nan nan nan
d nan nan nan nan
g nan nan nan nan
t nan nan nan nan
h 4.0 4.0 4.0 4.0
c 0.0
Aa 0.0 0.0 0.0 0.0
Ab 0.0 0.0 0.0 0.0
Ad 0.0 0.0 0.0 0.0
Ag 0.0 0.0 0.0 0.0
At 0.0 0.0 0.0 0.0
as 0.0 0.0 0.0 0.0
bs 0.0 0.0 0.0 0.0
ds 0.0 0.0 0.0 0.0
gs 0.0 0.0 0.0 0.0
ts 0.0 0.0 0.0 0.0
eeg 837.29498291 891.579345703 865.259643555 817.555236816
eeg 845.519897461 891.579345703 865.259643555 817.555236816
eeg 840.584960938 865.259643555 865.259643555 817.555236816
eeg 824.135131836 865.259643555 917.899047852 896.514282227
eeg 840.584960938 786.300598145 812.620300293 922.833984375
eeg 858.679748535 759.980895996 812.620300293 817.555236816
eeg 848.809875488 865.259643555 865.259643555 817.555236816
eeg 845.519897461 865.259643555 865.259643555 817.555236816
eeg 848.809875488 865.259643555 865.259643555 896.514282227
eeg 852.09979248 786.300598145 812.620300293 949.153686523
eeg 829.070068359 733.661254883 759.980895996 843.874938965
eeg 837.29498291 838.940002441 812.620300293 817.555236816
eeg 865.259643555 865.259643555 812.620300293 817.555236816
eeg 835.650024414 838.940002441 812.620300293 817.555236816
eeg 825.780151367 865.259643555 865.259643555 870.194580078
eeg 843.874938965 812.620300293 759.980895996 922.833984375
eeg 852.09979248 759.980895996 759.980895996 791.235534668
eeg 807.68536377 891.579345703 865.259643555 791.235534668
eeg 806.040344238 891.579345703 891.579345703 791.235534668
eeg 835.650024414 891.579345703 891.579345703 843.874938965
eeg 829.070068359 838.940002441 812.620300293 896.514282227
eeg 802.750427246 786.300598145 759.980895996 791.235534668
a nan nan nan nan
b nan nan nan nan
d nan nan nan nan
g nan nan nan nan
t nan nan nan nan
h 4.0 4.0 4.0 4.0
c 0.0
Aa 0.0 0.0 0.0 0.0
Ab 0.0 0.0 0.0 0.0
Ad 0.0 0.0 0.0 0.0
Ag 0.0 0.0 0.0 0.0
At 0.0 0.0 0.0 0.0
as 0.0 0.0 0.0 0.0
bs 0.0 0.0 0.0 0.0
ds 0.0 0.0 0.0 0.0
gs 0.0 0.0 0.0 0.0
ts 0.0 0.0 0.0 0.0
eeg 822.49017334 891.579345703 838.940002441 791.235534668
eeg 853.744812012 891.579345703 865.259643555 791.235534668
eeg 832.360046387 891.579345703 865.259643555 791.235534668
eeg 832.360046387 891.579345703 891.579345703 843.874938965
eeg 835.650024414 838.940002441 812.620300293 896.514282227
eeg 871.839599609 786.300598145 786.300598145 791.235534668
eeg 857.034729004 891.579345703 891.579345703 791.235534668
eeg 842.229919434 891.579345703 891.579345703 791.235534668
eeg 873.484558105 891.579345703 891.579345703 843.874938965
eeg 861.969726562 838.940002441 812.620300293 896.514282227
eeg 845.519897461 786.300598145 759.980895996 791.235534668
eeg 837.29498291 891.579345703 865.259643555 791.235534668
eeg 855.389770508 891.579345703 865.259643555 843.874938965
eeg 835.650024414 838.940002441 812.620300293 870.194580078
eeg 819.200195312 812.620300293 812.620300293 922.833984375
eeg 820.845214844 759.980895996 733.661254883 975.473327637
eeg 838.940002441 707.341552734 681.021850586 843.874938965
eeg 809.330322266 838.940002441 812.620300293 843.874938965
eeg 792.880554199 838.940002441 838.940002441 870.194580078
eeg 822.49017334 812.620300293 838.940002441 922.833984375
eeg 829.070068359 759.980895996 786.300598145 949.153686523
eeg 789.590576172 733.661254883 733.661254883 843.874938965
a nan nan nan nan
b nan nan nan nan
d nan nan nan nan
g nan nan nan nan
t nan nan nan nan
h 4.0 4.0 4.0 4.0
c 0.0
Aa 0.0 0.0 0.0 0.0
Ab 0.0 0.0 0.0 0.0
Ad 0.0 0.0 0.0 0.0
Ag 0.0 0.0 0.0 0.0
At 0.0 0.0 0.0 0.0
as 0.0 0.0 0.0 0.0
bs 0.0 0.0 0.0 0.0
ds 0.0 0.0 0.0 0.0
gs 0.0 0.0 0.0 0.0
ts 0.0 0.0 0.0 0.0
eeg 789.590576172 838.940002441 812.620300293 817.555236816
eeg 820.845214844 891.579345703 865.259643555 870.194580078
eeg 815.91027832 838.940002441 838.940002441 870.194580078
eeg 806.040344238 838.940002441 838.940002441 870.194580078
eeg 825.780151367 812.620300293 786.300598145 922.833984375
eeg 842.229919434 733.661254883 733.661254883 791.235534668
eeg 829.070068359 865.259643555 838.940002441 817.555236816
eeg 822.49017334 838.940002441 812.620300293 896.514282227
eeg 850.454833984 786.300598145 786.300598145 975.473327637
eeg 858.679748535 733.661254883 707.341552734 1001.79302979
eeg 827.425109863 707.341552734 681.021850586 896.514282227
eeg 829.070068359 812.620300293 786.300598145 843.874938965
eeg 858.679748535 865.259643555 838.940002441 896.514282227
eeg 850.454833984 786.300598145 812.620300293 896.514282227
eeg 838.940002441 786.300598145 812.620300293 896.514282227
eeg 853.744812012 786.300598145 786.300598145 949.153686523
eeg 868.549621582 733.661254883 707.341552734 817.555236816
eeg 843.874938965 865.259643555 838.940002441 817.555236816
eeg 837.29498291 891.579345703 865.259643555 870.194580078
eeg 837.29498291 838.940002441 838.940002441 896.514282227
eeg 853.744812012 786.300598145 786.300598145 922.833984375
eeg 847.164855957 759.980895996 759.980895996 817.555236816
a nan nan nan nan
b nan nan nan nan
d nan nan nan nan
g nan nan nan nan
t nan nan nan nan
h 4.0 4.0 4.0 4.0
c 0.0
Aa 0.0 0.0 0.0 0.0
Ab 0.0 0.0 0.0 0.0
Ad 0.0 0.0 0.0 0.0
Ag 0.0 0.0 0.0 0.0
At 0.0 0.0 0.0 0.0
as 0.0 0.0 0.0 0.0
bs 0.0 0.0 0.0 0.0
ds 0.0 0.0 0.0 0.0
gs 0.0 0.0 0.0 0.0
ts 0.0 0.0 0.0 0.0
eeg 837.29498291 812.620300293 812.620300293 791.235534668
eeg 852.09979248 812.620300293 812.620300293 870.194580078
eeg 840.584960938 759.980895996 759.980895996 870.194580078
eeg 820.845214844 759.980895996 759.980895996 870.194580078
eeg 819.200195312 759.980895996 759.980895996 922.833984375
eeg 835.650024414 707.341552734 707.341552734 791.235534668
eeg 820.845214844 812.620300293 812.620300293 764.91583252
eeg 812.620300293 812.620300293 812.620300293 843.874938965
eeg 832.360046387 759.980895996 759.980895996 870.194580078
eeg 842.229919434 759.980895996 759.980895996 896.514282227
eeg 817.555236816 759.980895996 759.980895996 817.555236816
eeg 829.070068359 812.620300293 812.620300293 764.91583252
eeg 875.129516602 865.259643555 865.259643555 843.874938965
eeg 858.679748535 812.620300293 812.620300293 870.194580078
eeg 824.135131836 812.620300293 812.620300293 870.194580078
eeg 843.874938965 812.620300293 812.620300293 922.833984375
eeg 858.679748535 759.980895996 812.620300293 810.975280762
eeg 852.09979248 865.259643555 917.899047852 771.495788574
eeg 842.229919434 891.579345703 917.899047852 883.354431152
eeg 858.679748535 786.300598145 865.259643555 896.514282227
eeg 866.904663086 786.300598145 865.259643555 909.674133301
eeg 829.070068359 786.300598145 865.259643555 810.975280762
a nan nan nan nan
b nan nan nan nan
d nan nan nan nan
g nan nan nan nan
t nan nan nan nan
h 4.0 4.0 4.0 4.0
c 0.0
Aa 0.0 0.0 0.0 0.0
Ab 0.0 0.0 0.0 0.0
Ad 0.0 0.0 0.0 0.0
Ag 0.0 0.0 0.0 0.0
At 0.0 0.0 0.0 0.0
as 0.0 0.0 0.0 0.0
bs 0.0 0.0 0.0 0.0
ds 0.0 0.0 0.0 0.0
gs 0.0 0.0 0.0 0.0
ts 0.0 0.0 0.0 0.0
eeg 832.360046387 865.259643555 917.899047852 751.75604248
eeg 845.519897461 917.899047852 970.538391113 850.454833984
eeg 832.360046387 812.620300293 865.259643555 889.934387207
eeg 810.975280762 786.300598145 865.259643555 863.614685059
eeg 824.135131836 812.620300293 865.259643555 896.514282227
eeg 837.29498291 786.300598145 812.620300293 804.395385742
eeg 824.135131836 865.259643555 917.899047852 764.91583252
eeg 807.68536377 917.899047852 917.899047852 876.774536133
eeg 809.330322266 786.300598145 812.620300293 896.514282227
eeg 825.780151367 786.300598145 812.620300293 903.094238281
eeg 801.105407715 783.010620117 771.495788574 806.040344238
eeg 792.880554199 835.650024414 876.774536133 779.720703125
eeg 832.360046387 888.289367676 929.413879395 884.999450684
eeg 815.91027832 783.010620117 824.135131836 911.319091797
eeg 796.170471191 783.010620117 824.135131836 884.999450684
eeg 824.135131836 783.010620117 824.135131836 911.319091797
eeg 840.584960938 783.010620117 824.135131836 858.679748535
eeg 834.005004883 835.650024414 876.774536133 806.040344238
eeg 825.780151367 888.289367676 929.413879395 911.319091797
eeg 842.229919434 783.010620117 824.135131836 911.319091797
eeg 858.679748535 783.010620117 824.135131836 911.319091797
eeg 830.715087891 783.010620117 824.135131836 832.360046387
a nan nan nan nan
b nan nan nan nan
d nan nan nan nan
g nan nan nan nan
t nan nan nan nan
h 4.0 4.0 4.0 4.0
c 0.0
Aa 0.0 0.0 0.0 0.0
Ab 0.0 0.0 0.0 0.0
Ad 0.0 0.0 0.0 0.0
Ag 0.0 0.0 0.0 0.0
At 0.0 0.0 0.0 0.0
as 0.0 0.0 0.0 0.0
bs 0.0 0.0 0.0 0.0
ds 0.0 0.0 0.0 0.0
gs 0.0 0.0 0.0 0.0
ts 0.0 0.0 0.0 0.0
eeg 837.29498291 835.650024414 876.774536133 779.720703125
eeg 857.034729004 888.289367676 929.413879395 858.679748535
eeg 857.034729004 783.010620117 824.135131836 884.999450684
eeg 835.650024414 783.010620117 824.135131836 858.679748535
eeg 825.780151367 835.650024414 824.135131836 858.679748535
eeg 840.584960938 861.969726562 824.135131836 753.401000977
eeg 830.715087891 914.609069824 876.774536133 700.76159668
eeg 819.200195312 993.568115234 929.413879395 806.040344238
eeg 840.584960938 861.969726562 797.815490723 806.040344238
eeg 840.584960938 861.969726562 797.815490723 806.040344238
eeg 817.555236816 888.289367676 797.815490723 753.401000977
eeg 797.815490723 940.928771973 850.454833984 753.401000977
eeg 829.070068359 967.248413086 903.094238281 806.040344238
eeg 825.780151367 861.969726562 797.815490723 858.679748535
eeg 799.460449219 809.330322266 771.495788574 806.040344238
eeg 820.845214844 861.969726562 824.135131836 806.040344238
eeg 845.519897461 861.969726562 824.135131836 806.040344238
eeg 842.229919434 888.289367676 876.774536133 753.401000977
eeg 837.29498291 940.928771973 929.413879395 858.679748535
eeg 855.389770508 783.010620117 797.815490723 858.679748535
eeg 865.259643555 783.010620117 797.815490723 858.679748535
eeg 852.09979248 835.650024414 824.135131836 753.401000977
a nan nan nan nan
b nan nan nan nan
d nan nan nan nan
g nan nan nan nan
t nan nan nan nan
h 4.0 4.0 4.0 4.0
c 0.0
Aa 0.0 0.0 0.0 0.0
Ab 0.0 0.0 0.0 0.0
Ad 0.0 0.0 0.0 0.0
Ag 0.0 0.0 0.0 0.0
At 0.0 0.0 0.0 0.0
as 0.0 0.0 0.0 0.0
bs 0.0 0.0 0.0 0.0
ds 0.0 0.0 0.0 0.0
gs 0.0 0.0 0.0 0.0
ts 0.0 0.0 0.0 0.0
eeg 843.874938965 940.928771973 876.774536133 753.401000977
eeg 842.229919434 940.928771973 929.413879395 806.040344238
eeg 840.584960938 888.289367676 850.454833984 858.679748535
eeg 829.070068359 835.650024414 797.815490723 806.040344238
eeg 843.874938965 888.289367676 824.135131836 806.040344238
eeg 868.549621582 888.289367676 824.135131836 806.040344238
eeg 838.940002441 888.289367676 850.454833984 753.401000977
eeg 829.070068359 940.928771973 929.413879395 858.679748535
eeg 853.744812012 835.650024414 797.815490723 858.679748535
eeg 858.679748535 835.650024414 797.815490723 806.040344238
eeg 820.845214844 888.289367676 824.135131836 806.040344238
eeg 827.425109863 888.289367676 876.774536133 806.040344238
eeg 832.360046387 888.289367676 903.094238281 858.679748535
eeg 838.940002441 783.010620117 797.815490723 911.319091797
eeg 820.845214844 730.371276855 771.495788574 858.679748535
eeg 820.845214844 835.650024414 850.454833984 842.229919434
eeg 857.034729004 888.289367676 876.774536133 822.49017334
eeg 835.650024414 914.609069824 903.094238281 756.690979004
eeg 827.425109863 967.248413086 1008.3729248 881.709472656
eeg 834.005004883 861.969726562 850.454833984 904.739196777
eeg 842.229919434 835.650024414 850.454833984 825.780151367
eeg 825.780151367 914.609069824 903.094238281 789.590576172
a nan nan nan nan
b nan nan nan nan
d nan nan nan nan
g nan nan nan nan
t nan nan nan nan
h 4.0 4.0 4.0 4.0
c 0.0
Aa 0.0 0.0 0.0 0.0
Ab 0.0 0.0 0.0 0.0
Ad 0.0 0.0 0.0 0.0
Ag 0.0 0.0 0.0 0.0
At 0.0 0.0 0.0 0.0
as 0.0 0.0 0.0 0.0
bs 0.0 0.0 0.0 0.0
ds 0.0 0.0 0.0 0.0
gs 0.0 0.0 0.0 0.0
ts 0.0 0.0 0.0 0.0
eeg 827.425109863 940.928771973 929.413879395 763.270874023
eeg 838.940002441 940.928771973 955.733581543 858.679748535
eeg 840.584960938 861.969726562 850.454833984 927.768920898
eeg 820.845214844 809.330322266 797.815490723 842.229919434
eeg 824.135131836 888.289367676 876.774536133 815.91027832
eeg 865.259643555 888.289367676 876.774536133 815.91027832
eeg 845.519897461 888.289367676 876.774536133 763.270874023
eeg 825.780151367 914.609069824 929.413879395 878.419494629
eeg 840.584960938 809.330322266 797.815490723 911.319091797
eeg 857.034729004 769.850830078 824.135131836 806.040344238
eeg 837.29498291 884.999450684 929.413879395 806.040344238
eeg 832.360046387 908.029174805 955.733581543 806.040344238
eeg 845.519897461 914.609069824 955.733581543 884.999450684
eeg 842.229919434 822.49017334 876.774536133 937.638793945
eeg 809.330322266 753.401000977 824.135131836 858.679748535
eeg 799.460449219 858.679748535 876.774536133 832.360046387
eeg 832.360046387 891.579345703 903.094238281 832.360046387
eeg 825.780151367 861.969726562 876.774536133 806.040344238
eeg 812.620300293 894.86932373 929.413879395 884.999450684
eeg 832.360046387 815.91027832 824.135131836 911.319091797
eeg 845.519897461 756.690979004 797.815490723 806.040344238
eeg 812.620300293 894.86932373 903.094238281 806.040344238
a nan nan nan nan
b nan nan nan nan
d nan nan nan nan
g nan nan nan nan
t nan nan nan nan
h 4.0 4.0 4.0 4.0
c 0.0
Aa 0.0 0.0 0.0 0.0
Ab 0.0 0.0 0.0 0.0
Ad 0.0 0.0 0.0 0.0
Ag 0.0 0.0 0.0 0.0
At 0.0 0.0 0.0 0.0
as 0.0 0.0 0.0 0.0
bs 0.0 0.0 0.0 0.0
ds 0.0 0.0 0.0 0.0
gs 0.0 0.0 0.0 0.0
ts 0.0 0.0 0.0 0.0
eeg 817.555236816 908.029174805 903.094238281 806.040344238
eeg 827.425109863 901.44921875 903.094238281 884.999450684
eeg 845.519897461 799.460449219 797.815490723 937.638793945
eeg 830.715087891 746.821105957 758.3359375 825.780151367
eeg 817.555236816 825.780151367 883.354431152 792.880554199
eeg 852.09979248 852.09979248 896.514282227 812.620300293
eeg 848.809875488 825.780151367 870.194580078 792.880554199
eeg 840.584960938 825.780151367 896.514282227 865.259643555
eeg 837.29498291 773.14074707 804.395385742 917.899047852
eeg 861.969726562 720.501403809 764.91583252 792.880554199
eeg 842.229919434 852.09979248 889.934387207 779.720703125
eeg 842.229919434 852.09979248 903.094238281 786.300598145
eeg 857.034729004 852.09979248 903.094238281 865.259643555
eeg 857.034729004 799.460449219 817.555236816 924.478942871
eeg 835.650024414 746.821105957 751.75604248 819.200195312
eeg 829.070068359 852.09979248 857.034729004 779.720703125
eeg 848.809875488 878.419494629 896.514282227 812.620300293
eeg 845.519897461 852.09979248 850.454833984 806.040344238
eeg 829.070068359 852.09979248 876.774536133 865.259643555
eeg 835.650024414 825.780151367 824.135131836 944.218688965
eeg 853.744812012 746.821105957 745.176086426 838.940002441
eeg 809.330322266 878.419494629 876.774536133 838.940002441
a nan nan nan nan
b nan nan nan nan
d nan nan nan nan
g nan nan nan nan
t nan nan nan nan
h 4.0 4.0 4.0 4.0
c 0.0
Aa 0.0 0.0 0.0 0.0
Ab 0.0 0.0 0.0 0.0
Ad 0.0 0.0 0.0 0.0
Ag 0.0 0.0 0.0 0.0
At 0.0 0.0 0.0 0.0
as 0.0 0.0 0.0 0.0
bs 0.0 0.0 0.0 0.0
ds 0.0 0.0 0.0 0.0
gs 0.0 0.0 0.0 0.0
ts 0.0 0.0 0.0 0.0
eeg 815.91027832 878.419494629 876.774536133 838.940002441
eeg 845.519897461 852.09979248 876.774536133 891.579345703
eeg 825.780151367 799.460449219 797.815490723 944.218688965
eeg 820.845214844 773.14074707 745.176086426 838.940002441
eeg 824.135131836 852.09979248 850.454833984 812.620300293
eeg 857.034729004 904.739196777 876.774536133 838.940002441
eeg 845.519897461 852.09979248 850.454833984 838.940002441
eeg 837.29498291 852.09979248 850.454833984 865.259643555
eeg 845.519897461 852.09979248 824.135131836 917.899047852
eeg 853.744812012 773.14074707 771.495788574 786.300598145
eeg 845.519897461 904.739196777 903.094238281 786.300598145
eeg 840.584960938 904.739196777 903.094238281 812.620300293
eeg 855.389770508 852.09979248 876.774536133 865.259643555
eeg 847.164855957 746.821105957 771.495788574 917.899047852
eeg 806.040344238 746.821105957 718.856384277 838.940002441
eeg 804.395385742 799.460449219 771.495788574 838.940002441
eeg 834.005004883 852.09979248 824.135131836 891.579345703
eeg 835.650024414 799.460449219 771.495788574 891.579345703
eeg 832.360046387 799.460449219 771.495788574 917.899047852
eeg 817.555236816 799.460449219 771.495788574 970.538391113
eeg 829.070068359 746.821105957 718.856384277 838.940002441
eeg 812.620300293 852.09979248 824.135131836 838.940002441
a nan nan nan nan
b nan nan nan nan
d nan nan nan nan
g nan nan nan nan
t nan nan nan nan
h 4.0 4.0 4.0 4.0
c 0.0
Aa 0.0 0.0 0.0 0.0
Ab 0.0 0.0 0.0 0.0
Ad 0.0 0.0 0.0 0.0
Ag 0.0 0.0 0.0 0.0
At 0.0 0.0 0.0 0.0
as 0.0 0.0 0.0 0.0
bs 0.0 0.0 0.0 0.0
ds 0.0 0.0 0.0 0.0
gs 0.0 0.0 0.0 0.0
ts 0.0 0.0 0.0 0.0
eeg 783.010620117 852.09979248 824.135131836 891.579345703
eeg 814.265258789 799.460449219 771.495788574 917.899047852
eeg 812.620300293 799.460449219 718.856384277 944.218688965
eeg 784.655639648 799.460449219 718.856384277 838.940002441
eeg 796.170471191 852.09979248 824.135131836 786.300598145
eeg 842.229919434 904.739196777 876.774536133 838.940002441
eeg 820.845214844 852.09979248 824.135131836 838.940002441
eeg 807.68536377 814.265258789 830.715087891 863.614685059
eeg 824.135131836 866.904663086 778.075683594 968.893432617
eeg 843.874938965 814.265258789 725.436340332 916.25402832
eeg 835.650024414 919.544006348 830.715087891 916.25402832
eeg 824.135131836 919.544006348 830.715087891 968.893432617
eeg 838.940002441 814.265258789 778.075683594 968.893432617
eeg 855.389770508 814.265258789 778.075683594 968.893432617
eeg 815.91027832 814.265258789 778.075683594 863.614685059
eeg 819.200195312 866.904663086 830.715087891 810.975280762
eeg 834.005004883 919.544006348 883.354431152 863.614685059
eeg 834.005004883 814.265258789 830.715087891 863.614685059
eeg 835.650024414 814.265258789 830.715087891 863.614685059
eeg 832.360046387 814.265258789 830.715087891 916.25402832
eeg 863.614685059 814.265258789 778.075683594 810.975280762
eeg 838.940002441 866.904663086 883.354431152 810.975280762
a nan nan nan nan
b nan nan nan nan
d nan nan nan nan
g nan nan nan nan
t nan nan nan nan
h 4.0 4.0 4.0 4.0
c 0.0
Aa 0.0 0.0 0.0 0.0
Ab 0.0 0.0 0.0 0.0
Ad 0.0 0.0 0.0 0.0
Ag 0.0 0.0 0.0 0.0
At 0.0 0.0 0.0 0.0
as 0.0 0.0 0.0 0.0
bs 0.0 0.0 0.0 0.0
ds 0.0 0.0 0.0 0.0
gs 0.0 0.0 0.0 0.0
ts 0.0 0.0 0.0 0.0
eeg 837.29498291 919.544006348 883.354431152 863.614685059
eeg 865.259643555 814.265258789 830.715087891 863.614685059
eeg 855.389770508 814.265258789 778.075683594 916.25402832
eeg 838.940002441 814.265258789 778.075683594 837.29498291
eeg 837.29498291 866.904663086 830.715087891 784.655639648
eeg 857.034729004 919.544006348 883.354431152 863.614685059
eeg 845.519897461 814.265258789 830.715087891 889.934387207
eeg 815.91027832 814.265258789 830.715087891 889.934387207
eeg 830.715087891 814.265258789 830.715087891 942.573730469
eeg 852.09979248 814.265258789 778.075683594 837.29498291
eeg 847.164855957 866.904663086 830.715087891 810.975280762
eeg 845.519897461 919.544006348 883.354431152 916.25402832
eeg 858.679748535 814.265258789 778.075683594 916.25402832
eeg 863.614685059 814.265258789 778.075683594 916.25402832
eeg 850.454833984 814.265258789 778.075683594 837.29498291
eeg 852.09979248 866.904663086 830.715087891 784.655639648
eeg 865.259643555 919.544006348 883.354431152 863.614685059
eeg 857.034729004 814.265258789 830.715087891 889.934387207
eeg 840.584960938 814.265258789 797.815490723 863.614685059
eeg 857.034729004 866.904663086 804.395385742 889.934387207
eeg 878.419494629 866.904663086 804.395385742 810.975280762
eeg 858.679748535 919.544006348 870.194580078 784.655639648
a nan nan nan nan
b nan nan nan nan
d nan nan nan nan
g nan nan nan nan
t nan nan nan nan
h 4.0 4.0 4.0 4.0
c 0.0
Aa 0.0 0.0 0.0 0.0
Ab 0.0 0.0 0.0 0.0
Ad 0.0 0.0 0.0 0.0
Ag 0.0 0.0 0.0 0.0
At 0.0 0.0 0.0 0.0
as 0.0 0.0 0.0 0.0
bs 0.0 0.0 0.0 0.0
ds 0.0 0.0 0.0 0.0
gs 0.0 0.0 0.0 0.0
ts 0.0 0.0 0.0 0.0
eeg 840.584960938 972.183410645 935.993835449 889.934387207
eeg 845.519897461 840.584960938 804.395385742 889.934387207
eeg 855.389770508 814.265258789 784.655639648 889.934387207
eeg 838.940002441 840.584960938 791.235534668 810.975280762
eeg 843.874938965 893.224304199 870.194580078 758.3359375
eeg 868.549621582 945.863708496 935.993835449 837.29498291
eeg 860.324707031 840.584960938 824.135131836 863.614685059
eeg 843.874938965 814.265258789 784.655639648 837.29498291
eeg 843.874938965 840.584960938 824.135131836 863.614685059
eeg 860.324707031 840.584960938 810.975280762 810.975280762
eeg 843.874938965 866.904663086 870.194580078 758.3359375
eeg 837.29498291 945.863708496 935.993835449 889.934387207
eeg 852.09979248 814.265258789 830.715087891 916.25402832
eeg 863.614685059 814.265258789 830.715087891 916.25402832
eeg 847.164855957 840.584960938 857.034729004 837.29498291
eeg 840.584960938 893.224304199 909.674133301 784.655639648
eeg 861.969726562 919.544006348 962.313476562 863.614685059
eeg 838.940002441 840.584960938 857.034729004 916.25402832
eeg 819.200195312 787.945556641 830.715087891 863.614685059
eeg 817.555236816 840.584960938 883.354431152 863.614685059
eeg 845.519897461 840.584960938 883.354431152 810.975280762
eeg 815.91027832 840.584960938 909.674133301 758.3359375
a nan nan nan nan
b nan nan nan nan
d nan nan nan nan
g nan nan nan nan
t nan nan nan nan
h 4.0 4.0 4.0 4.0
c 0.0
Aa 0.0 0.0 0.0 0.0
Ab 0.0 0.0 0.0 0.0
Ad 0.0 0.0 0.0 0.0
Ag 0.0 0.0 0.0 0.0
At 0.0 0.0 0.0 0.0
as 0.0 0.0 0.0 0.0
bs 0.0 0.0 0.0 0.0
ds 0.0 0.0 0.0 0.0
gs 0.0 0.0 0.0 0.0
ts 0.0 0.0 0.0 0.0
eeg 814.265258789 919.544006348 962.313476562 889.934387207
eeg 825.780151367 787.945556641 830.715087891 889.934387207
eeg 842.229919434 787.945556641 830.715087891 863.614685059
eeg 822.49017334 840.584960938 857.034729004 810.975280762
eeg 822.49017334 893.224304199 909.674133301 784.655639648
eeg 843.874938965 919.544006348 935.993835449 863.614685059
eeg 843.874938965 919.544006348 883.354431152 863.614685059
eeg 830.715087891 919.544006348 830.715087891 758.3359375
eeg 837.29498291 972.183410645 883.354431152 758.3359375
eeg 855.389770508 972.183410645 883.354431152 758.3359375
eeg 840.584960938 972.183410645 883.354431152 705.696594238
eeg 825.780151367 1024.82275391 935.993835449 810.975280762
eeg 840.584960938 919.544006348 830.715087891 810.975280762
eeg 858.679748535 919.544006348 830.715087891 810.975280762
eeg 843.874938965 972.183410645 883.354431152 758.3359375
eeg 845.519897461 972.183410645 935.993835449 758.3359375
eeg 863.614685059 972.183410645 935.993835449 810.975280762
eeg 852.09979248 866.904663086 830.715087891 863.614685059
eeg 830.715087891 814.265258789 778.075683594 810.975280762
eeg 827.425109863 866.904663086 830.715087891 810.975280762
eeg 847.164855957 866.904663086 830.715087891 810.975280762
eeg 840.584960938 866.904663086 830.715087891 758.3359375
a nan nan nan nan
b nan nan nan nan
d nan nan nan nan
g nan nan nan nan
t nan nan nan nan
h 4.0 4.0 4.0 4.0
c 0.0
Aa 0.0 0.0 0.0 0.0
Ab 0.0 0.0 0.0 0.0
Ad 0.0 0.0 0.0 0.0
Ag 0.0 0.0 0.0 0.0
At 0.0 0.0 0.0 0.0
as 0.0 0.0 0.0 0.0
bs 0.0 0.0 0.0 0.0
ds 0.0 0.0 0.0 0.0
gs 0.0 0.0 0.0 0.0
ts 0.0 0.0 0.0 0.0
eeg 837.29498291 893.224304199 935.993835449 863.614685059
eeg 853.744812012 787.945556641 883.354431152 837.29498291
eeg 858.679748535 761.625915527 935.993835449 784.655639648
eeg 832.360046387 866.904663086 988.633178711 758.3359375
eeg 840.584960938 893.224304199 988.633178711 732.016235352
eeg 866.904663086 893.224304199 988.633178711 810.975280762
eeg 857.034729004 814.265258789 883.354431152 863.614685059
eeg 832.360046387 761.625915527 830.715087891 784.655639648
eeg 838.940002441 840.584960938 883.354431152 784.655639648
eeg 861.969726562 866.904663086 883.354431152 784.655639648
eeg 843.874938965 866.904663086 883.354431152 732.016235352
eeg 832.360046387 893.224304199 935.993835449 837.29498291
eeg 857.034729004 814.265258789 830.715087891 863.614685059
eeg 884.999450684 787.945556641 830.715087891 784.655639648
eeg 847.164855957 893.224304199 883.354431152 758.3359375
eeg 817.555236816 893.224304199 883.354431152 758.3359375
