eeg 600.41784668 768.205810547 802.750427246 870.194580078
eeg 602.062805176 883.354431152 881.709472656 791.235534668
eeg 602.062805176 903.094238281 908.029174805 791.235534668
eeg 590.547912598 912.964111328 934.348815918 817.555236816
eeg 602.062805176 820.845214844 855.389770508 896.514282227
eeg 608.642700195 751.75604248 802.750427246 817.555236816
eeg 580.678039551 853.744812012 855.389770508 870.194580078
eeg 582.323059082 889.934387207 881.709472656 764.91583252
eeg 593.837890625 863.614685059 881.709472656 764.91583252
eeg 580.678039551 893.224304199 934.348815918 843.874938965
eeg 587.257995605 807.68536377 802.750427246 870.194580078
eeg 598.772827148 758.3359375 802.750427246 870.194580078
eeg 603.707763672 889.934387207 881.709472656 791.235534668
eeg 605.352783203 899.804260254 908.029174805 791.235534668
eeg 590.547912598 899.804260254 908.029174805 817.555236816
eeg 613.577697754 807.68536377 802.750427246 896.514282227
eeg 621.80255127 807.68536377 776.430725098 791.235534668
eeg 606.997741699 860.324707031 855.389770508 791.235534668
a nan nan nan nan
b nan nan nan nan
d nan nan nan nan
g nan nan nan nan
t nan nan nan nan
h 4.0 4.0 4.0 4.0
c 0.0
Aa 0.0 0.0 0.0 0.0
Ab 0.0 0.0 0.0 0.0
Ad 0.0 0.0 0.0 0.0
Ag 0.0 0.0 0.0 0.0
At 0.0 0.0 0.0 0.0
as 0.0 0.0 0.0 0.0
bs 0.0 0.0 0.0 0.0
ds 0.0 0.0 0.0 0.0
gs 0.0 0.0 0.0 0.0
ts 0.0 0.0 0.0 0.0
eeg 603.707763672 860.324707031 881.709472656 712.276489258
eeg 605.352783203 860.324707031 881.709472656 685.956787109
eeg 605.352783203 860.324707031 908.029174805 764.91583252
eeg 598.772827148 807.68536377 829.070068359 791.235534668
eeg 615.22265625 755.045959473 802.750427246 791.235534668
eeg 618.512634277 860.324707031 908.029174805 738.596191406
eeg 613.577697754 860.324707031 908.029174805 738.596191406
eeg 613.577697754 860.324707031 908.029174805 791.235534668
eeg 626.737487793 807.68536377 829.070068359 870.194580078
eeg 616.867614746 755.045959473 776.430725098 791.235534668
eeg 608.642700195 807.68536377 855.389770508 817.555236816
eeg 620.157592773 860.324707031 881.709472656 764.91583252
eeg 626.737487793 860.324707031 855.389770508 738.596191406
eeg 621.80255127 860.324707031 881.709472656 817.555236816
eeg 616.867614746 781.365661621 802.750427246 870.194580078
eeg 630.02746582 702.406616211 776.430725098 843.874938965
eeg 633.317443848 807.68536377 881.709472656 791.235534668
eeg 621.80255127 781.365661621 881.709472656 791.235534668
eeg 606.997741699 781.365661621 881.709472656 817.555236816
eeg 626.737487793 728.726318359 802.750427246 896.514282227
eeg 616.867614746 702.406616211 750.111022949 791.235534668
eeg 611.932678223 807.68536377 829.070068359 817.555236816
a nan nan nan nan
b nan nan nan nan
d nan nan nan nan
g nan nan nan nan
t nan nan nan nan
h 4.0 4.0 4.0 4.0
c 0.0
Aa 0.0 0.0 0.0 0.0
Ab 0.0 0.0 0.0 0.0
Ad 0.0 0.0 0.0 0.0
Ag 0.0 0.0 0.0 0.0
At 0.0 0.0 0.0 0.0
as 0.0 0.0 0.0 0.0
bs 0.0 0.0 0.0 0.0
ds 0.0 0.0 0.0 0.0
gs 0.0 0.0 0.0 0.0
ts 0.0 0.0 0.0 0.0
eeg 618.512634277 860.324707031 881.709472656 764.91583252
eeg 625.092529297 834.005004883 855.389770508 738.596191406
eeg 620.157592773 834.005004883 855.389770508 817.555236816
eeg 610.287719727 807.68536377 802.750427246 843.874938965
eeg 620.157592773 755.045959473 750.111022949 791.235534668
eeg 620.157592773 886.64440918 881.709472656 764.91583252
eeg 615.22265625 886.64440918 881.709472656 764.91583252
eeg 605.352783203 860.324707031 881.709472656 817.555236816
eeg 618.512634277 755.045959473 776.430725098 922.833984375
eeg 605.352783203 755.045959473 723.791320801 817.555236816
eeg 595.482910156 807.68536377 776.430725098 817.555236816
eeg 603.707763672 860.324707031 829.070068359 764.91583252
eeg 618.512634277 807.68536377 829.070068359 764.91583252
eeg 603.707763672 807.68536377 829.070068359 817.555236816
eeg 590.547912598 807.68536377 776.430725098 870.194580078
eeg 602.062805176 755.045959473 776.430725098 817.555236816
eeg 603.707763672 860.324707031 881.709472656 791.235534668
eeg 613.577697754 860.324707031 881.709472656 791.235534668
eeg 600.41784668 807.68536377 881.709472656 817.555236816
eeg 611.932678223 807.68536377 829.070068359 896.514282227
eeg 610.287719727 807.68536377 776.430725098 791.235534668
eeg 606.997741699 860.324707031 829.070068359 791.235534668
a nan nan nan nan
b nan nan nan nan
d nan nan nan nan
g nan nan nan nan
t nan nan nan nan
h 4.0 4.0 4.0 4.0
c 0.0
Aa 0.0 0.0 0.0 0.0
Ab 0.0 0.0 0.0 0.0
Ad 0.0 0.0 0.0 0.0
Ag 0.0 0.0 0.0 0.0
At 0.0 0.0 0.0 0.0
as 0.0 0.0 0.0 0.0
bs 0.0 0.0 0.0 0.0
ds 0.0 0.0 0.0 0.0
gs 0.0 0.0 0.0 0.0
ts 0.0 0.0 0.0 0.0
eeg 597.127868652 912.964111328 881.709472656 764.91583252
eeg 602.062805176 860.324707031 829.070068359 764.91583252
eeg 600.41784668 825.780151367 852.09979248 820.845214844
eeg 588.902954102 799.460449219 799.460449219 880.064453125
eeg 595.482910156 746.821105957 720.501403809 786.300598145
eeg 611.932678223 878.419494629 852.09979248 763.270874023
eeg 605.352783203 878.419494629 852.09979248 783.010620117
eeg 590.547912598 825.780151367 825.780151367 834.005004883
eeg 611.932678223 799.460449219 773.14074707 924.478942871
eeg 595.482910156 799.460449219 746.821105957 799.460449219
eeg 600.41784668 878.419494629 825.780151367 804.395385742
eeg 630.02746582 931.058898926 878.419494629 789.590576172
eeg 623.447570801 852.09979248 825.780151367 781.365661621
eeg 579.033081055 825.780151367 825.780151367 812.620300293
eeg 562.583251953 825.780151367 799.460449219 884.999450684
eeg 565.87322998 799.460449219 746.821105957 764.91583252
eeg 582.323059082 904.739196777 878.419494629 761.625915527
eeg 588.902954102 904.739196777 878.419494629 791.235534668
eeg 557.64831543 825.780151367 852.09979248 832.360046387
eeg 569.163208008 773.14074707 746.821105957 926.123962402
eeg 582.323059082 746.821105957 746.821105957 796.170471191
eeg 572.453186035 825.780151367 799.460449219 796.170471191
a nan nan nan nan
b nan nan nan nan
d nan nan nan nan
g nan nan nan nan
t nan nan nan nan
h 4.0 4.0 4.0 4.0
c 0.0
Aa 0.0 0.0 0.0 0.0
Ab 0.0 0.0 0.0 0.0
Ad 0.0 0.0 0.0 0.0
Ag 0.0 0.0 0.0 0.0
At 0.0 0.0 0.0 0.0
as 0.0 0.0 0.0 0.0
bs 0.0 0.0 0.0 0.0
ds 0.0 0.0 0.0 0.0
gs 0.0 0.0 0.0 0.0
ts 0.0 0.0 0.0 0.0
eeg 565.87322998 904.739196777 852.09979248 784.655639648
eeg 574.098144531 825.780151367 799.460449219 794.525512695
eeg 580.678039551 799.460449219 799.460449219 814.265258789
eeg 583.968017578 799.460449219 799.460449219 889.934387207
eeg 570.808166504 773.14074707 746.821105957 751.75604248
eeg 572.453186035 878.419494629 852.09979248 756.690979004
eeg 570.808166504 904.739196777 852.09979248 797.815490723
eeg 557.64831543 799.460449219 799.460449219 835.650024414
eeg 579.033081055 799.460449219 799.460449219 927.768920898
eeg 588.902954102 799.460449219 799.460449219 786.300598145
eeg 572.453186035 878.419494629 852.09979248 786.300598145
eeg 575.743103027 931.058898926 904.739196777 786.300598145
eeg 588.902954102 825.780151367 852.09979248 809.330322266
eeg 583.968017578 799.460449219 852.09979248 809.330322266
eeg 575.743103027 799.460449219 852.09979248 881.709472656
eeg 579.033081055 799.460449219 799.460449219 750.111022949
eeg 595.482910156 852.09979248 904.739196777 750.111022949
eeg 593.837890625 904.739196777 931.058898926 802.750427246
eeg 565.87322998 773.14074707 852.09979248 842.229919434
eeg 603.707763672 773.14074707 825.780151367 921.188964844
eeg 602.062805176 773.14074707 825.780151367 783.010620117
eeg 582.323059082 852.09979248 904.739196777 783.010620117
a nan nan nan nan
b nan nan nan nan
d nan nan nan nan
g nan nan nan nan
t nan nan nan nan
h 4.0 4.0 4.0 4.0
c 0.0
Aa 0.0 0.0 0.0 0.0
Ab 0.0 0.0 0.0 0.0
Ad 0.0 0.0 0.0 0.0
Ag 0.0 0.0 0.0 0.0
At 0.0 0.0 0.0 0.0
as 0.0 0.0 0.0 0.0
bs 0.0 0.0 0.0 0.0
ds 0.0 0.0 0.0 0.0
gs 0.0 0.0 0.0 0.0
ts 0.0 0.0 0.0 0.0
eeg 597.127868652 904.739196777 957.378540039 789.590576172
eeg 598.772827148 825.780151367 878.419494629 822.49017334
eeg 592.192932129 799.460449219 852.09979248 822.49017334
eeg 592.192932129 825.780151367 852.09979248 894.86932373
eeg 603.707763672 825.780151367 825.780151367 763.270874023
eeg 616.867614746 878.419494629 904.739196777 756.690979004
eeg 600.41784668 931.058898926 931.058898926 822.49017334
eeg 588.902954102 825.780151367 773.14074707 848.809875488
eeg 602.062805176 825.780151367 773.14074707 926.123962402
eeg 585.612976074 825.780151367 773.14074707 786.300598145
eeg 580.678039551 878.419494629 825.780151367 773.14074707
eeg 579.033081055 931.058898926 878.419494629 796.170471191
eeg 593.837890625 825.780151367 825.780151367 834.005004883
eeg 582.323059082 799.460449219 825.780151367 810.975280762
eeg 574.098144531 825.780151367 825.780151367 893.224304199
eeg 585.612976074 825.780151367 825.780151367 753.401000977
eeg 595.482910156 878.419494629 878.419494629 750.111022949
eeg 602.062805176 931.058898926 931.058898926 824.135131836
eeg 588.902954102 799.460449219 825.780151367 853.744812012
eeg 611.932678223 799.460449219 825.780151367 919.544006348
eeg 600.41784668 825.780151367 825.780151367 783.010620117
eeg 600.41784668 878.419494629 878.419494629 768.205810547
a nan nan nan nan
b nan nan nan nan
d nan nan nan nan
g nan nan nan nan
t nan nan nan nan
h 4.0 4.0 4.0 4.0
c 0.0
Aa 0.0 0.0 0.0 0.0
Ab 0.0 0.0 0.0 0.0
Ad 0.0 0.0 0.0 0.0
Ag 0.0 0.0 0.0 0.0
At 0.0 0.0 0.0 0.0
as 0.0 0.0 0.0 0.0
bs 0.0 0.0 0.0 0.0
ds 0.0 0.0 0.0 0.0
gs 0.0 0.0 0.0 0.0
ts 0.0 0.0 0.0 0.0
eeg 593.837890625 931.058898926 931.058898926 796.170471191
eeg 606.997741699 852.09979248 852.09979248 796.170471191
eeg 613.577697754 825.780151367 852.09979248 769.850830078
eeg 582.323059082 878.419494629 878.419494629 848.809875488
eeg 588.902954102 878.419494629 878.419494629 717.211425781
eeg 583.968017578 904.739196777 931.058898926 717.211425781
eeg 580.678039551 957.378540039 983.698242188 769.850830078
eeg 567.518188477 825.780151367 852.09979248 796.170471191
eeg 577.388122559 825.780151367 852.09979248 848.809875488
eeg 574.098144531 852.09979248 852.09979248 743.53112793
eeg 572.453186035 904.739196777 904.739196777 743.53112793
eeg 567.518188477 931.058898926 957.378540039 769.850830078
eeg 588.902954102 852.09979248 852.09979248 822.49017334
eeg 600.41784668 799.460449219 825.780151367 796.170471191
eeg 592.192932129 852.09979248 852.09979248 875.129516602
eeg 600.41784668 852.09979248 852.09979248 743.53112793
eeg 603.707763672 852.09979248 878.419494629 743.53112793
eeg 605.352783203 957.378540039 983.698242188 848.809875488
eeg 590.547912598 904.739196777 931.058898926 875.129516602
eeg 615.22265625 904.739196777 931.058898926 901.44921875
eeg 611.932678223 957.378540039 931.058898926 796.170471191
eeg 593.837890625 957.378540039 983.698242188 796.170471191
a nan nan nan nan
b nan nan nan nan
d nan nan nan nan
g nan nan nan nan
t nan nan nan nan
h 4.0 4.0 4.0 4.0
c 0.0
Aa 0.0 0.0 0.0 0.0
Ab 0.0 0.0 0.0 0.0
Ad 0.0 0.0 0.0 0.0
Ag 0.0 0.0 0.0 0.0
At 0.0 0.0 0.0 0.0
as 0.0 0.0 0.0 0.0
bs 0.0 0.0 0.0 0.0
ds 0.0 0.0 0.0 0.0
gs 0.0 0.0 0.0 0.0
ts 0.0 0.0 0.0 0.0
eeg 580.678039551 957.378540039 1036.33764648 822.49017334
eeg 588.902954102 904.739196777 931.058898926 875.129516602
eeg 592.192932129 852.09979248 878.419494629 822.49017334
eeg 575.743103027 904.739196777 878.419494629 901.44921875
eeg 572.453186035 904.739196777 878.419494629 769.850830078
eeg 577.388122559 904.739196777 878.419494629 769.850830078
eeg 562.583251953 957.378540039 931.058898926 822.49017334
eeg 564.228271484 852.09979248 825.780151367 848.809875488
eeg 574.098144531 852.09979248 825.780151367 875.129516602
eeg 574.098144531 904.739196777 825.780151367 769.850830078
eeg 585.612976074 904.739196777 878.419494629 769.850830078
eeg 570.808166504 957.378540039 931.058898926 822.49017334
eeg 593.837890625 904.739196777 852.09979248 927.768920898
eeg 590.547912598 852.09979248 825.780151367 875.129516602
eeg 580.678039551 904.739196777 878.419494629 927.768920898
eeg 585.612976074 904.739196777 931.058898926 822.49017334
eeg 588.902954102 904.739196777 931.058898926 822.49017334
eeg 582.323059082 957.378540039 983.698242188 875.129516602
eeg 583.968017578 852.09979248 852.09979248 875.129516602
eeg 587.257995605 852.09979248 852.09979248 875.129516602
eeg 580.678039551 904.739196777 878.419494629 822.49017334
eeg 575.743103027 904.739196777 904.739196777 822.49017334
a nan nan nan nan
b nan nan nan nan
d nan nan nan nan
g nan nan nan nan
t nan nan nan nan
h 4.0 4.0 4.0 4.0
c 0.0
Aa 0.0 0.0 0.0 0.0
Ab 0.0 0.0 0.0 0.0
Ad 0.0 0.0 0.0 0.0
Ag 0.0 0.0 0.0 0.0
At 0.0 0.0 0.0 0.0
as 0.0 0.0 0.0 0.0
bs 0.0 0.0 0.0 0.0
ds 0.0 0.0 0.0 0.0
gs 0.0 0.0 0.0 0.0
ts 0.0 0.0 0.0 0.0
eeg 575.743103027 904.739196777 957.378540039 822.49017334
eeg 600.41784668 852.09979248 852.09979248 875.129516602
eeg 593.837890625 799.460449219 799.460449219 822.49017334
eeg 572.453186035 852.09979248 852.09979248 875.129516602
eeg 574.098144531 852.09979248 852.09979248 769.850830078
eeg 575.743103027 852.09979248 878.419494629 759.980895996
eeg 572.453186035 904.739196777 983.698242188 829.070068359
eeg 556.003356934 799.460449219 852.09979248 861.969726562
eeg 565.87322998 773.14074707 852.09979248 881.709472656
eeg 564.228271484 878.419494629 904.739196777 779.720703125
eeg 552.713378906 878.419494629 931.058898926 769.850830078
eeg 547.778442383 878.419494629 957.378540039 806.040344238
eeg 560.938293457 799.460449219 852.09979248 894.86932373
eeg 565.87322998 746.821105957 799.460449219 806.040344238
eeg 549.423461914 825.780151367 852.09979248 878.419494629
eeg 559.293334961 852.09979248 878.419494629 753.401000977
eeg 569.163208008 852.09979248 878.419494629 736.951171875
eeg 560.938293457 878.419494629 931.058898926 815.91027832
eeg 554.358398438 799.460449219 825.780151367 852.09979248
eeg 572.453186035 746.821105957 799.460449219 861.969726562
eeg 579.033081055 878.419494629 878.419494629 783.010620117
eeg 580.678039551 893.224304199 888.289367676 764.91583252
a nan nan nan nan
b nan nan nan nan
d nan nan nan nan
g nan nan nan nan
t nan nan nan nan
h 4.0 4.0 4.0 4.0
c 0.0
Aa 0.0 0.0 0.0 0.0
Ab 0.0 0.0 0.0 0.0
Ad 0.0 0.0 0.0 0.0
Ag 0.0 0.0 0.0 0.0
At 0.0 0.0 0.0 0.0
as 0.0 0.0 0.0 0.0
bs 0.0 0.0 0.0 0.0
ds 0.0 0.0 0.0 0.0
gs 0.0 0.0 0.0 0.0
ts 0.0 0.0 0.0 0.0
eeg 570.808166504 945.863708496 914.609069824 817.555236816
eeg 597.127868652 893.224304199 835.650024414 870.194580078
eeg 588.902954102 840.584960938 783.010620117 817.555236816
eeg 580.678039551 893.224304199 861.969726562 870.194580078
eeg 574.098144531 893.224304199 888.289367676 817.555236816
eeg 595.482910156 893.224304199 888.289367676 817.555236816
eeg 590.547912598 893.224304199 914.609069824 870.194580078
eeg 579.033081055 840.584960938 809.330322266 870.194580078
eeg 603.707763672 787.945556641 783.010620117 870.194580078
eeg 592.192932129 893.224304199 888.289367676 817.555236816
eeg 605.352783203 893.224304199 914.609069824 817.555236816
eeg 602.062805176 893.224304199 914.609069824 817.555236816
eeg 625.092529297 840.584960938 835.650024414 870.194580078
eeg 620.157592773 787.945556641 783.010620117 817.555236816
eeg 600.41784668 840.584960938 861.969726562 817.555236816
eeg 602.062805176 893.224304199 888.289367676 764.91583252
eeg 621.80255127 840.584960938 888.289367676 738.596191406
eeg 611.932678223 814.265258789 888.289367676 817.555236816
eeg 588.902954102 761.625915527 835.650024414 843.874938965
eeg 593.837890625 708.98651123 783.010620117 817.555236816
eeg 587.257995605 840.584960938 888.289367676 764.91583252
eeg 593.837890625 840.584960938 888.289367676 764.91583252
a nan nan nan nan
b nan nan nan nan
d nan nan nan nan
g nan nan nan nan
t nan nan nan nan
h 4.0 4.0 4.0 4.0
c 0.0
Aa 0.0 0.0 0.0 0.0
Ab 0.0 0.0 0.0 0.0
Ad 0.0 0.0 0.0 0.0
Ag 0.0 0.0 0.0 0.0
At 0.0 0.0 0.0 0.0
as 0.0 0.0 0.0 0.0
bs 0.0 0.0 0.0 0.0
ds 0.0 0.0 0.0 0.0
gs 0.0 0.0 0.0 0.0
ts 0.0 0.0 0.0 0.0
eeg 574.098144531 840.584960938 888.289367676 791.235534668
eeg 595.482910156 761.625915527 835.650024414 870.194580078
eeg 592.192932129 735.306213379 783.010620117 764.91583252
eeg 595.482910156 814.265258789 835.650024414 791.235534668
eeg 600.41784668 866.904663086 888.289367676 738.596191406
eeg 605.352783203 840.584960938 888.289367676 712.276489258
eeg 605.352783203 840.584960938 888.289367676 791.235534668
eeg 590.547912598 814.265258789 835.650024414 817.555236816
eeg 600.41784668 761.625915527 783.010620117 791.235534668
eeg 611.932678223 893.224304199 888.289367676 764.91583252
eeg 592.192932129 866.904663086 888.289367676 791.235534668
eeg 585.612976074 814.265258789 888.289367676 843.874938965
eeg 595.482910156 761.625915527 835.650024414 949.153686523
eeg 592.192932129 735.306213379 783.010620117 870.194580078
eeg 602.062805176 814.265258789 835.650024414 870.194580078
eeg 590.547912598 866.904663086 888.289367676 817.555236816
eeg 592.192932129 814.265258789 888.289367676 817.555236816
eeg 574.098144531 814.265258789 888.289367676 870.194580078
eeg 565.87322998 787.945556641 835.650024414 896.514282227
eeg 577.388122559 708.98651123 783.010620117 843.874938965
eeg 570.808166504 840.584960938 888.289367676 817.555236816
eeg 570.808166504 840.584960938 888.289367676 817.555236816
a nan nan nan nan
b nan nan nan nan
d nan nan nan nan
g nan nan nan nan
t nan nan nan nan
h 4.0 4.0 4.0 4.0
c 0.0
Aa 0.0 0.0 0.0 0.0
Ab 0.0 0.0 0.0 0.0
Ad 0.0 0.0 0.0 0.0
Ag 0.0 0.0 0.0 0.0
At 0.0 0.0 0.0 0.0
as 0.0 0.0 0.0 0.0
bs 0.0 0.0 0.0 0.0
ds 0.0 0.0 0.0 0.0
gs 0.0 0.0 0.0 0.0
ts 0.0 0.0 0.0 0.0
eeg 565.87322998 814.265258789 888.289367676 843.874938965
eeg 577.388122559 787.945556641 835.650024414 922.833984375
eeg 585.612976074 761.625915527 783.010620117 817.555236816
eeg 575.743103027 840.584960938 835.650024414 817.555236816
eeg 582.323059082 840.584960938 861.969726562 817.555236816
eeg 606.997741699 735.306213379 809.330322266 817.555236816
eeg 598.772827148 735.306213379 809.330322266 870.194580078
eeg 575.743103027 735.306213379 783.010620117 922.833984375
eeg 590.547912598 682.666870117 730.371276855 843.874938965
eeg 588.902954102 787.945556641 861.969726562 843.874938965
eeg 579.033081055 787.945556641 861.969726562 843.874938965
eeg 567.518188477 735.306213379 835.650024414 870.194580078
eeg 580.678039551 735.306213379 783.010620117 949.153686523
eeg 577.388122559 735.306213379 756.690979004 817.555236816
eeg 574.098144531 787.945556641 835.650024414 817.555236816
eeg 564.228271484 840.584960938 888.289367676 791.235534668
eeg 577.388122559 787.945556641 835.650024414 791.235534668
eeg 570.808166504 787.945556641 835.650024414 817.555236816
eeg 559.293334961 787.945556641 809.330322266 870.194580078
eeg 585.612976074 735.306213379 730.371276855 764.91583252
eeg 582.323059082 866.904663086 861.969726562 758.3359375
eeg 580.678039551 866.904663086 861.969726562 791.235534668
a nan nan nan nan
b nan nan nan nan
d nan nan nan nan
g nan nan nan nan
t nan nan nan nan
h 4.0 4.0 4.0 4.0
c 0.0
Aa 0.0 0.0 0.0 0.0
Ab 0.0 0.0 0.0 0.0
Ad 0.0 0.0 0.0 0.0
Ag 0.0 0.0 0.0 0.0
At 0.0 0.0 0.0 0.0
as 0.0 0.0 0.0 0.0
bs 0.0 0.0 0.0 0.0
ds 0.0 0.0 0.0 0.0
gs 0.0 0.0 0.0 0.0
ts 0.0 0.0 0.0 0.0
eeg 577.388122559 787.945556641 835.650024414 837.29498291
eeg 593.837890625 761.625915527 783.010620117 926.123962402
eeg 590.547912598 761.625915527 756.690979004 794.525512695
eeg 600.41784668 840.584960938 835.650024414 797.815490723
eeg 587.257995605 893.224304199 888.289367676 781.365661621
eeg 597.127868652 814.265258789 835.650024414 791.235534668
eeg 605.352783203 787.945556641 809.330322266 817.555236816
eeg 600.41784668 787.945556641 783.010620117 889.934387207
eeg 611.932678223 761.625915527 730.371276855 758.3359375
eeg 610.287719727 840.584960938 835.650024414 758.3359375
eeg 605.352783203 866.904663086 861.969726562 794.525512695
eeg 592.192932129 761.625915527 809.330322266 837.29498291
eeg 606.997741699 761.625915527 783.010620117 926.123962402
eeg 600.41784668 761.625915527 756.690979004 784.655639648
eeg 580.678039551 814.265258789 835.650024414 787.945556641
eeg 580.678039551 866.904663086 888.289367676 783.010620117
eeg 598.772827148 761.625915527 809.330322266 806.040344238
eeg 595.482910156 761.625915527 809.330322266 812.620300293
eeg 574.098144531 761.625915527 809.330322266 888.289367676
eeg 575.743103027 761.625915527 756.690979004 751.75604248
eeg 588.902954102 814.265258789 861.969726562 750.111022949
eeg 588.902954102 866.904663086 861.969726562 804.395385742
a nan nan nan nan
b nan nan nan nan
d nan nan nan nan
g nan nan nan nan
t nan nan nan nan
h 4.0 4.0 4.0 4.0
c 0.0
Aa 0.0 0.0 0.0 0.0
Ab 0.0 0.0 0.0 0.0
Ad 0.0 0.0 0.0 0.0
Ag 0.0 0.0 0.0 0.0
At 0.0 0.0 0.0 0.0
as 0.0 0.0 0.0 0.0
bs 0.0 0.0 0.0 0.0
ds 0.0 0.0 0.0 0.0
gs 0.0 0.0 0.0 0.0
ts 0.0 0.0 0.0 0.0
eeg 580.678039551 761.625915527 783.010620117 843.874938965
eeg 590.547912598 761.625915527 756.690979004 927.768920898
eeg 595.482910156 761.625915527 756.690979004 787.945556641
eeg 582.323059082 814.265258789 835.650024414 781.365661621
eeg 582.323059082 866.904663086 914.609069824 786.300598145
eeg 595.482910156 814.265258789 835.650024414 819.200195312
eeg 588.902954102 814.265258789 809.330322266 815.91027832
eeg 585.612976074 814.265258789 809.330322266 891.579345703
eeg 588.902954102 761.625915527 756.690979004 786.300598145
eeg 595.482910156 814.265258789 835.650024414 812.620300293
eeg 598.772827148 866.904663086 861.969726562 865.259643555
eeg 583.968017578 761.625915527 756.690979004 891.579345703
eeg 595.482910156 761.625915527 756.690979004 970.538391113
eeg 592.192932129 761.625915527 756.690979004 838.940002441
eeg 582.323059082 814.265258789 835.650024414 838.940002441
eeg 585.612976074 866.904663086 888.289367676 838.940002441
eeg 595.482910156 761.625915527 809.330322266 865.259643555
eeg 597.127868652 761.625915527 783.010620117 838.940002441
eeg 592.192932129 761.625915527 783.010620117 917.899047852
eeg 595.482910156 761.625915527 783.010620117 786.300598145
eeg 600.41784668 814.265258789 861.969726562 786.300598145
eeg 582.323059082 866.904663086 914.609069824 838.940002441
a nan nan nan nan
b nan nan nan nan
d nan nan nan nan
g nan nan nan nan
t nan nan nan nan
h 4.0 4.0 4.0 4.0
c 0.0
Aa 0.0 0.0 0.0 0.0
Ab 0.0 0.0 0.0 0.0
Ad 0.0 0.0 0.0 0.0
Ag 0.0 0.0 0.0 0.0
At 0.0 0.0 0.0 0.0
as 0.0 0.0 0.0 0.0
bs 0.0 0.0 0.0 0.0
ds 0.0 0.0 0.0 0.0
gs 0.0 0.0 0.0 0.0
ts 0.0 0.0 0.0 0.0
eeg 564.228271484 761.625915527 783.010620117 865.259643555
eeg 592.192932129 761.625915527 783.010620117 917.899047852
eeg 569.163208008 787.945556641 783.010620117 786.300598145
eeg 569.163208008 866.904663086 835.650024414 786.300598145
eeg 567.518188477 945.863708496 888.289367676 786.300598145
eeg 588.902954102 866.904663086 783.010620117 812.620300293
eeg 600.41784668 840.584960938 783.010620117 786.300598145
eeg 592.192932129 866.904663086 783.010620117 865.259643555
eeg 597.127868652 866.904663086 783.010620117 733.661254883
eeg 610.287719727 893.224304199 835.650024414 733.661254883
eeg 593.837890625 945.863708496 888.289367676 812.620300293
eeg 575.743103027 814.265258789 783.010620117 838.940002441
eeg 602.062805176 814.265258789 783.010620117 891.579345703
eeg 597.127868652 840.584960938 783.010620117 759.980895996
eeg 588.902954102 893.224304199 835.650024414 759.980895996
eeg 582.323059082 919.544006348 888.289367676 786.300598145
eeg 575.743103027 814.265258789 783.010620117 838.940002441
eeg 582.323059082 761.625915527 783.010620117 812.620300293
eeg 574.098144531 827.425109863 822.49017334 893.224304199
eeg 565.87322998 853.744812012 848.809875488 787.945556641
eeg 556.003356934 880.064453125 901.44921875 814.265258789
eeg 551.06842041 959.02355957 954.088623047 866.904663086
a nan nan nan nan
b nan nan nan nan
d nan nan nan nan
g nan nan nan nan
t nan nan nan nan
h 4.0 4.0 4.0 4.0
c 0.0
Aa 0.0 0.0 0.0 0.0
Ab 0.0 0.0 0.0 0.0
Ad 0.0 0.0 0.0 0.0
Ag 0.0 0.0 0.0 0.0
At 0.0 0.0 0.0 0.0
as 0.0 0.0 0.0 0.0
bs 0.0 0.0 0.0 0.0
ds 0.0 0.0 0.0 0.0
gs 0.0 0.0 0.0 0.0
ts 0.0 0.0 0.0 0.0
eeg 537.908569336 827.425109863 822.49017334 893.224304199
eeg 557.64831543 853.744812012 822.49017334 945.863708496
eeg 549.423461914 880.064453125 822.49017334 814.265258789
eeg 542.843505859 932.703857422 875.129516602 814.265258789
eeg 534.618591309 959.02355957 927.768920898 840.584960938
eeg 556.003356934 853.744812012 822.49017334 893.224304199
eeg 552.713378906 801.105407715 796.170471191 840.584960938
eeg 541.198547363 853.744812012 822.49017334 919.544006348
eeg 541.198547363 853.744812012 822.49017334 787.945556641
eeg 552.713378906 853.744812012 848.809875488 787.945556641
eeg 560.938293457 906.384155273 901.44921875 840.584960938
eeg 539.553527832 774.785766602 769.850830078 866.904663086
eeg 570.808166504 774.785766602 769.850830078 893.224304199
eeg 585.612976074 880.064453125 822.49017334 840.584960938
eeg 582.323059082 932.703857422 901.44921875 893.224304199
eeg 590.547912598 985.343200684 954.088623047 893.224304199
eeg 600.41784668 880.064453125 875.129516602 945.863708496
eeg 593.837890625 827.425109863 848.809875488 893.224304199
eeg 590.547912598 880.064453125 901.44921875 945.863708496
eeg 595.482910156 880.064453125 901.44921875 840.584960938
eeg 616.867614746 880.064453125 927.768920898 840.584960938
eeg 606.997741699 932.703857422 980.40826416 893.224304199
a nan nan nan nan
b nan nan nan nan
d nan nan nan nan
g nan nan nan nan
t nan nan nan nan
h 4.0 4.0 4.0 4.0
c 0.0
Aa 0.0 0.0 0.0 0.0
Ab 0.0 0.0 0.0 0.0
Ad 0.0 0.0 0.0 0.0
Ag 0.0 0.0 0.0 0.0
At 0.0 0.0 0.0 0.0
as 0.0 0.0 0.0 0.0
bs 0.0 0.0 0.0 0.0
ds 0.0 0.0 0.0 0.0
gs 0.0 0.0 0.0 0.0
ts 0.0 0.0 0.0 0.0
eeg 592.192932129 827.425109863 822.49017334 893.224304199
eeg 603.707763672 827.425109863 822.49017334 893.224304199
eeg 603.707763672 880.064453125 848.809875488 787.945556641
eeg 603.707763672 880.064453125 901.44921875 787.945556641
eeg 588.902954102 880.064453125 927.768920898 787.945556641
eeg 603.707763672 827.425109863 822.49017334 840.584960938
eeg 603.707763672 774.785766602 769.850830078 787.945556641
eeg 598.772827148 857.034729004 875.129516602 893.224304199
eeg 602.062805176 889.934387207 927.768920898 787.945556641
eeg 621.80255127 870.194580078 980.40826416 787.945556641
eeg 611.932678223 922.833984375 1033.04760742 840.584960938
eeg 602.062805176 797.815490723 927.768920898 840.584960938
eeg 620.157592773 768.205810547 927.768920898 840.584960938
eeg 621.80255127 876.774536133 980.40826416 787.945556641
eeg 630.02746582 899.804260254 980.40826416 787.945556641
eeg 638.252380371 916.25402832 980.40826416 840.584960938
eeg 654.702148438 814.265258789 875.129516602 893.224304199
eeg 641.542358398 748.466064453 822.49017334 840.584960938
eeg 638.252380371 850.454833984 875.129516602 893.224304199
eeg 644.832275391 886.64440918 875.129516602 787.945556641
eeg 643.187316895 870.194580078 875.129516602 787.945556641
eeg 644.832275391 896.514282227 927.768920898 840.584960938
a nan nan nan nan
b nan nan nan nan
d nan nan nan nan
g nan nan nan nan
t nan nan nan nan
h 4.0 4.0 4.0 4.0
c 0.0
Aa 0.0 0.0 0.0 0.0
Ab 0.0 0.0 0.0 0.0
Ad 0.0 0.0 0.0 0.0
Ag 0.0 0.0 0.0 0.0
At 0.0 0.0 0.0 0.0
as 0.0 0.0 0.0 0.0
bs 0.0 0.0 0.0 0.0
ds 0.0 0.0 0.0 0.0
gs 0.0 0.0 0.0 0.0
ts 0.0 0.0 0.0 0.0
eeg 636.607421875 807.68536377 822.49017334 840.584960938
eeg 639.897338867 807.68536377 786.300598145 814.265258789
eeg 641.542358398 912.964111328 881.709472656 735.306213379
eeg 625.092529297 912.964111328 911.319091797 735.306213379
eeg 606.997741699 912.964111328 931.058898926 787.945556641
eeg 621.80255127 834.005004883 838.940002441 866.904663086
eeg 610.287719727 781.365661621 756.690979004 787.945556641
eeg 600.41784668 860.324707031 842.229919434 840.584960938
eeg 597.127868652 886.64440918 875.129516602 735.306213379
eeg 613.577697754 860.324707031 861.969726562 735.306213379
eeg 595.482910156 860.324707031 911.319091797 814.265258789
eeg 583.968017578 807.68536377 786.300598145 840.584960938
eeg 606.997741699 755.045959473 766.560852051 840.584960938
eeg 610.287719727 886.64440918 871.839599609 787.945556641
eeg 597.127868652 886.64440918 901.44921875 787.945556641
eeg 588.902954102 886.64440918 914.609069824 814.265258789
eeg 597.127868652 807.68536377 815.91027832 893.224304199
eeg 606.997741699 728.726318359 789.590576172 814.265258789
eeg 613.577697754 781.365661621 868.549621582 840.584960938
eeg 611.932678223 807.68536377 894.86932373 761.625915527
eeg 634.962402344 781.365661621 894.86932373 735.306213379
eeg 626.737487793 781.365661621 921.188964844 814.265258789
a nan nan nan nan
b nan nan nan nan
d nan nan nan nan
g nan nan nan nan
t nan nan nan nan
h 4.0 4.0 4.0 4.0
c 0.0
Aa 0.0 0.0 0.0 0.0
Ab 0.0 0.0 0.0 0.0
Ad 0.0 0.0 0.0 0.0
Ag 0.0 0.0 0.0 0.0
At 0.0 0.0 0.0 0.0
as 0.0 0.0 0.0 0.0
bs 0.0 0.0 0.0 0.0
ds 0.0 0.0 0.0 0.0
gs 0.0 0.0 0.0 0.0
ts 0.0 0.0 0.0 0.0
eeg 613.577697754 728.726318359 842.229919434 840.584960938
eeg 630.02746582 676.086914062 789.590576172 814.265258789
eeg 626.737487793 807.68536377 894.86932373 761.625915527
eeg 630.02746582 834.005004883 921.188964844 761.625915527
eeg 613.577697754 834.005004883 921.188964844 787.945556641
eeg 625.092529297 781.365661621 842.229919434 866.904663086
eeg 598.772827148 728.726318359 789.590576172 787.945556641
eeg 592.192932129 834.005004883 868.549621582 814.265258789
eeg 590.547912598 886.64440918 894.86932373 761.625915527
eeg 593.837890625 860.324707031 868.549621582 735.306213379
eeg 598.772827148 860.324707031 868.549621582 814.265258789
eeg 592.192932129 807.68536377 789.590576172 866.904663086
eeg 603.707763672 728.726318359 763.270874023 840.584960938
eeg 593.837890625 860.324707031 868.549621582 787.945556641
eeg 590.547912598 860.324707031 868.549621582 787.945556641
eeg 565.87322998 834.005004883 868.549621582 814.265258789
eeg 577.388122559 781.365661621 789.590576172 893.224304199
eeg 575.743103027 755.045959473 736.951171875 787.945556641
eeg 567.518188477 834.005004883 815.91027832 814.265258789
eeg 564.228271484 886.64440918 868.549621582 761.625915527
eeg 588.902954102 834.005004883 842.229919434 761.625915527
eeg 590.547912598 834.005004883 842.229919434 814.265258789
a nan nan nan nan
b nan nan nan nan
d nan nan nan nan
g nan nan nan nan
t nan nan nan nan
h 4.0 4.0 4.0 4.0
c 0.0
Aa 0.0 0.0 0.0 0.0
Ab 0.0 0.0 0.0 0.0
Ad 0.0 0.0 0.0 0.0
Ag 0.0 0.0 0.0 0.0
At 0.0 0.0 0.0 0.0
as 0.0 0.0 0.0 0.0
bs 0.0 0.0 0.0 0.0
ds 0.0 0.0 0.0 0.0
gs 0.0 0.0 0.0 0.0
ts 0.0 0.0 0.0 0.0
eeg 587.257995605 807.68536377 789.590576172 866.904663086
eeg 610.287719727 755.045959473 736.951171875 814.265258789
eeg 621.80255127 886.64440918 868.549621582 787.945556641
eeg 620.157592773 886.64440918 868.549621582 787.945556641
eeg 600.41784668 860.324707031 868.549621582 814.265258789
eeg 610.287719727 755.045959473 763.270874023 919.544006348
eeg 615.22265625 755.045959473 710.631530762 840.584960938
eeg 608.642700195 807.68536377 763.270874023 840.584960938
eeg 605.352783203 860.324707031 815.91027832 814.265258789
eeg 623.447570801 807.68536377 815.91027832 814.265258789
eeg 641.542358398 807.68536377 815.91027832 866.904663086
eeg 592.192932129 807.68536377 815.91027832 893.224304199
eeg 570.808166504 755.045959473 763.270874023 840.584960938
eeg 574.098144531 860.324707031 868.549621582 814.265258789
eeg 551.06842041 860.324707031 868.549621582 814.265258789
eeg 556.003356934 807.68536377 868.549621582 840.584960938
eeg 564.228271484 807.68536377 815.91027832 919.544006348
eeg 552.713378906 807.68536377 815.91027832 787.945556641
eeg 546.133483887 860.324707031 868.549621582 787.945556641
eeg 560.938293457 912.964111328 921.188964844 761.625915527
eeg 572.453186035 860.324707031 868.549621582 761.625915527
eeg 552.713378906 824.135131836 842.229919434 804.395385742
a nan nan nan nan
b nan nan nan nan
d nan nan nan nan
g nan nan nan nan
t nan nan nan nan
h 4.0 4.0 4.0 4.0
c 0.0
Aa 0.0 0.0 0.0 0.0
Ab 0.0 0.0 0.0 0.0
Ad 0.0 0.0 0.0 0.0
Ag 0.0 0.0 0.0 0.0
At 0.0 0.0 0.0 0.0
as 0.0 0.0 0.0 0.0
bs 0.0 0.0 0.0 0.0
ds 0.0 0.0 0.0 0.0
gs 0.0 0.0 0.0 0.0
ts 0.0 0.0 0.0 0.0
eeg 552.713378906 812.620300293 789.590576172 873.484558105
eeg 554.358398438 758.3359375 710.631530762 774.785766602
eeg 560.938293457 878.419494629 842.229919434 758.3359375
eeg 551.06842041 906.384155273 868.549621582 787.945556641
eeg 544.488464355 820.845214844 815.91027832 830.715087891
eeg 569.163208008 791.235534668 789.590576172 922.833984375
eeg 564.228271484 763.270874023 763.270874023 791.235534668
eeg 577.388122559 853.744812012 842.229919434 797.815490723
eeg 570.808166504 931.058898926 921.188964844 778.075683594
eeg 588.902954102 837.29498291 842.229919434 784.655639648
eeg 587.257995605 809.330322266 842.229919434 810.975280762
eeg 583.968017578 817.555236816 815.91027832 886.64440918
eeg 598.772827148 768.205810547 763.270874023 755.045959473
eeg 595.482910156 888.289367676 894.86932373 755.045959473
eeg 580.678039551 912.964111328 894.86932373 791.235534668
eeg 582.323059082 806.040344238 840.584960938 834.005004883
eeg 585.612976074 753.401000977 735.306213379 929.413879395
eeg 572.453186035 753.401000977 735.306213379 791.235534668
eeg 567.518188477 806.040344238 787.945556641 791.235534668
eeg 554.358398438 858.679748535 840.584960938 784.655639648
eeg 575.743103027 806.040344238 787.945556641 804.395385742
eeg 579.033081055 806.040344238 787.945556641 810.975280762
a nan nan nan nan
b nan nan nan nan
d nan nan nan nan
g nan nan nan nan
t nan nan nan nan
h 4.0 4.0 4.0 4.0
c 0.0
Aa 0.0 0.0 0.0 0.0
Ab 0.0 0.0 0.0 0.0
Ad 0.0 0.0 0.0 0.0
Ag 0.0 0.0 0.0 0.0
At 0.0 0.0 0.0 0.0
as 0.0 0.0 0.0 0.0
bs 0.0 0.0 0.0 0.0
ds 0.0 0.0 0.0 0.0
gs 0.0 0.0 0.0 0.0
ts 0.0 0.0 0.0 0.0
eeg 560.938293457 806.040344238 787.945556641 886.64440918
eeg 560.938293457 806.040344238 735.306213379 751.75604248
eeg 577.388122559 858.679748535 840.584960938 751.75604248
eeg 572.453186035 911.319091797 840.584960938 801.105407715
eeg 564.228271484 806.040344238 787.945556641 837.29498291
eeg 572.453186035 806.040344238 787.945556641 922.833984375
eeg 580.678039551 806.040344238 787.945556641 781.365661621
eeg 564.228271484 858.679748535 840.584960938 781.365661621
eeg 559.293334961 911.319091797 893.224304199 778.075683594
eeg 587.257995605 858.679748535 840.584960938 814.265258789
eeg 579.033081055 832.360046387 807.68536377 807.68536377
eeg 583.968017578 832.360046387 804.395385742 893.224304199
eeg 600.41784668 832.360046387 768.205810547 755.045959473
eeg 597.127868652 884.999450684 863.614685059 758.3359375
eeg 593.837890625 937.638793945 909.674133301 817.555236816
eeg 593.837890625 806.040344238 794.525512695 850.454833984
eeg 610.287719727 806.040344238 781.365661621 926.123962402
eeg 600.41784668 806.040344238 768.205810547 781.365661621
eeg 580.678039551 884.999450684 857.034729004 778.075683594
eeg 574.098144531 937.638793945 929.413879395 791.235534668
eeg 580.678039551 832.360046387 827.425109863 827.425109863
eeg 570.808166504 806.040344238 797.815490723 814.265258789
a nan nan nan nan
b nan nan nan nan
d nan nan nan nan
g nan nan nan nan
t nan nan nan nan
h 4.0 4.0 4.0 4.0
c 0.0
Aa 0.0 0.0 0.0 0.0
Ab 0.0 0.0 0.0 0.0
Ad 0.0 0.0 0.0 0.0
Ag 0.0 0.0 0.0 0.0
At 0.0 0.0 0.0 0.0
as 0.0 0.0 0.0 0.0
bs 0.0 0.0 0.0 0.0
ds 0.0 0.0 0.0 0.0
gs 0.0 0.0 0.0 0.0
ts 0.0 0.0 0.0 0.0
eeg 567.518188477 832.360046387 797.815490723 893.224304199
eeg 579.033081055 832.360046387 784.655639648 755.045959473
eeg 579.033081055 884.999450684 866.904663086 748.466064453
eeg 564.228271484 937.638793945 922.833984375 820.845214844
eeg 556.003356934 832.360046387 843.874938965 843.874938965
eeg 574.098144531 858.679748535 843.874938965 921.188964844
eeg 580.678039551 884.999450684 843.874938965 781.365661621
eeg 582.323059082 937.638793945 896.514282227 771.495788574
eeg 565.87322998 990.278137207 975.473327637 792.880554199
eeg 580.678039551 911.319091797 896.514282227 838.940002441
eeg 583.968017578 858.679748535 870.194580078 804.395385742
eeg 574.098144531 884.999450684 870.194580078 891.579345703
eeg 570.808166504 884.999450684 870.194580078 750.111022949
eeg 585.612976074 911.319091797 922.833984375 751.75604248
eeg 603.707763672 963.958496094 949.153686523 827.425109863
eeg 595.482910156 832.360046387 817.555236816 848.809875488
eeg 593.837890625 832.360046387 817.555236816 916.25402832
eeg 598.772827148 858.679748535 817.555236816 779.720703125
eeg 598.772827148 911.319091797 896.514282227 768.205810547
eeg 593.837890625 937.638793945 949.153686523 796.170471191
eeg 625.092529297 884.999450684 870.194580078 822.49017334
eeg 605.352783203 858.679748535 843.874938965 796.170471191
a nan nan nan nan
b nan nan nan nan
d nan nan nan nan
g nan nan nan nan
t nan nan nan nan
h 4.0 4.0 4.0 4.0
c 0.0
Aa 0.0 0.0 0.0 0.0
Ab 0.0 0.0 0.0 0.0
Ad 0.0 0.0 0.0 0.0
Ag 0.0 0.0 0.0 0.0
At 0.0 0.0 0.0 0.0
as 0.0 0.0 0.0 0.0
bs 0.0 0.0 0.0 0.0
ds 0.0 0.0 0.0 0.0
gs 0.0 0.0 0.0 0.0
ts 0.0 0.0 0.0 0.0
eeg 588.902954102 937.638793945 870.194580078 875.129516602
eeg 611.932678223 937.638793945 870.194580078 743.53112793
eeg 597.127868652 937.638793945 896.514282227 743.53112793
eeg 592.192932129 1016.59783936 975.473327637 796.170471191
eeg 593.837890625 884.999450684 843.874938965 822.49017334
eeg 618.512634277 884.999450684 843.874938965 875.129516602
eeg 600.41784668 911.319091797 843.874938965 743.53112793
eeg 588.902954102 963.958496094 896.514282227 743.53112793
eeg 583.968017578 990.278137207 949.153686523 769.850830078
eeg 602.062805176 884.999450684 843.874938965 822.49017334
eeg 610.287719727 832.360046387 817.555236816 796.170471191
eeg 603.707763672 884.999450684 843.874938965 875.129516602
eeg 608.642700195 884.999450684 843.874938965 743.53112793
eeg 623.447570801 884.999450684 870.194580078 743.53112793
eeg 625.092529297 990.278137207 949.153686523 822.49017334
eeg 616.867614746 884.999450684 817.555236816 848.809875488
eeg 628.382507324 884.999450684 817.555236816 875.129516602
eeg 630.02746582 937.638793945 843.874938965 769.850830078
eeg 625.092529297 937.638793945 896.514282227 769.850830078
eeg 610.287719727 937.638793945 949.153686523 796.170471191
eeg 621.80255127 884.999450684 870.194580078 848.809875488
eeg 611.932678223 832.360046387 817.555236816 796.170471191
a nan nan nan nan
b nan nan nan nan
d nan nan nan nan
g nan nan nan nan
t nan nan nan nan
h 4.0 4.0 4.0 4.0
c 0.0
Aa 0.0 0.0 0.0 0.0
Ab 0.0 0.0 0.0 0.0
Ad 0.0 0.0 0.0 0.0
Ag 0.0 0.0 0.0 0.0
At 0.0 0.0 0.0 0.0
as 0.0 0.0 0.0 0.0
bs 0.0 0.0 0.0 0.0
ds 0.0 0.0 0.0 0.0
gs 0.0 0.0 0.0 0.0
ts 0.0 0.0 0.0 0.0
eeg 603.707763672 884.999450684 843.874938965 875.129516602
eeg 621.80255127 884.999450684 843.874938965 743.53112793
eeg 625.092529297 884.999450684 870.194580078 743.53112793
eeg 616.867614746 937.638793945 922.833984375 822.49017334
eeg 600.41784668 832.360046387 791.235534668 848.809875488
eeg 626.737487793 832.360046387 791.235534668 875.129516602
eeg 606.997741699 884.999450684 843.874938965 769.850830078
eeg 593.837890625 884.999450684 896.514282227 769.850830078
eeg 595.482910156 937.638793945 949.153686523 822.49017334
eeg 608.642700195 884.999450684 896.514282227 927.768920898
eeg 613.577697754 832.360046387 896.514282227 875.129516602
eeg 595.482910156 884.999450684 949.153686523 927.768920898
eeg 593.837890625 884.999450684 949.153686523 822.49017334
eeg 620.157592773 884.999450684 949.153686523 822.49017334
eeg 620.157592773 937.638793945 1001.79302979 875.129516602
eeg 606.997741699 832.360046387 896.514282227 875.129516602
eeg 616.867614746 832.360046387 896.514282227 875.129516602
eeg 603.707763672 937.638793945 949.153686523 822.49017334
eeg 605.352783203 937.638793945 949.153686523 822.49017334
eeg 603.707763672 937.638793945 949.153686523 822.49017334
eeg 608.642700195 884.999450684 843.874938965 875.129516602
eeg 595.482910156 832.360046387 791.235534668 822.49017334
a nan nan nan nan
b nan nan nan nan
d nan nan nan nan
g nan nan nan nan
t nan nan nan nan
h 4.0 4.0 4.0 4.0
c 0.0
Aa 0.0 0.0 0.0 0.0
Ab 0.0 0.0 0.0 0.0
Ad 0.0 0.0 0.0 0.0
Ag 0.0 0.0 0.0 0.0
At 0.0 0.0 0.0 0.0
as 0.0 0.0 0.0 0.0
bs 0.0 0.0 0.0 0.0
ds 0.0 0.0 0.0 0.0
gs 0.0 0.0 0.0 0.0
ts 0.0 0.0 0.0 0.0
eeg 592.192932129 884.999450684 843.874938965 875.129516602
eeg 582.323059082 884.999450684 843.874938965 769.850830078
eeg 603.707763672 884.999450684 843.874938965 736.951171875
eeg 600.41784668 911.319091797 896.514282227 822.49017334
eeg 580.678039551 832.360046387 791.235534668 855.389770508
eeg 595.482910156 806.040344238 791.235534668 861.969726562
eeg 579.033081055 911.319091797 843.874938965 776.430725098
eeg 588.902954102 911.319091797 843.874938965 763.270874023
eeg 580.678039551 911.319091797 843.874938965 802.750427246
eeg 600.41784668 832.360046387 791.235534668 894.86932373
eeg 605.352783203 779.720703125 738.596191406 802.750427246
eeg 598.772827148 858.679748535 791.235534668 868.549621582
eeg 588.902954102 884.999450684 791.235534668 756.690979004
eeg 606.997741699 858.679748535 791.235534668 736.951171875
eeg 605.352783203 884.999450684 843.874938965 822.49017334
eeg 580.678039551 806.040344238 738.596191406 855.389770508
eeg 603.707763672 753.401000977 738.596191406 855.389770508
eeg 587.257995605 884.999450684 843.874938965 776.430725098
eeg 572.453186035 884.999450684 843.874938965 776.430725098
eeg 569.163208008 884.999450684 843.874938965 802.750427246
eeg 585.612976074 806.040344238 791.235534668 881.709472656
eeg 579.033081055 753.401000977 738.596191406 802.750427246
a nan nan nan nan
b nan nan nan nan
d nan nan nan nan
g nan nan nan nan
t nan nan nan nan
h 4.0 4.0 4.0 4.0
c 0.0
Aa 0.0 0.0 0.0 0.0
Ab 0.0 0.0 0.0 0.0
Ad 0.0 0.0 0.0 0.0
Ag 0.0 0.0 0.0 0.0
At 0.0 0.0 0.0 0.0
as 0.0 0.0 0.0 0.0
bs 0.0 0.0 0.0 0.0
ds 0.0 0.0 0.0 0.0
gs 0.0 0.0 0.0 0.0
ts 0.0 0.0 0.0 0.0
eeg 570.808166504 832.360046387 791.235534668 855.389770508
eeg 570.808166504 884.999450684 791.235534668 776.430725098
eeg 575.743103027 858.679748535 791.235534668 750.111022949
eeg 582.323059082 858.679748535 843.874938965 829.070068359
eeg 567.518188477 806.040344238 791.235534668 855.389770508
eeg 580.678039551 753.401000977 791.235534668 855.389770508
eeg 590.547912598 884.999450684 896.514282227 802.750427246
eeg 585.612976074 884.999450684 896.514282227 802.750427246
eeg 590.547912598 884.999450684 896.514282227 829.070068359
eeg 611.932678223 806.040344238 843.874938965 908.029174805
eeg 605.352783203 753.401000977 791.235534668 829.070068359
eeg 598.772827148 858.679748535 843.874938965 855.389770508
eeg 587.257995605 908.029174805 891.579345703 759.980895996
eeg 592.192932129 855.389770508 891.579345703 733.661254883
eeg 595.482910156 829.070068359 891.579345703 812.620300293
eeg 570.808166504 802.750427246 838.940002441 838.940002441
eeg 569.163208008 750.111022949 786.300598145 812.620300293
eeg 585.612976074 881.709472656 891.579345703 759.980895996
eeg 574.098144531 881.709472656 891.579345703 759.980895996
eeg 572.453186035 855.389770508 891.579345703 786.300598145
eeg 593.837890625 802.750427246 838.940002441 865.259643555
eeg 593.837890625 776.430725098 786.300598145 759.980895996
a nan nan nan nan
b nan nan nan nan
d nan nan nan nan
g nan nan nan nan
t nan nan nan nan
h 4.0 4.0 4.0 4.0
c 0.0
Aa 0.0 0.0 0.0 0.0
Ab 0.0 0.0 0.0 0.0
Ad 0.0 0.0 0.0 0.0
Ag 0.0 0.0 0.0 0.0
At 0.0 0.0 0.0 0.0
as 0.0 0.0 0.0 0.0
bs 0.0 0.0 0.0 0.0
ds 0.0 0.0 0.0 0.0
gs 0.0 0.0 0.0 0.0
ts 0.0 0.0 0.0 0.0
eeg 583.968017578 855.389770508 838.940002441 786.300598145
eeg 583.968017578 908.029174805 891.579345703 733.661254883
eeg 595.482910156 855.389770508 891.579345703 733.661254883
eeg 587.257995605 855.389770508 891.579345703 812.620300293
eeg 590.547912598 829.070068359 838.940002441 838.940002441
eeg 606.997741699 750.111022949 786.300598145 786.300598145
eeg 585.612976074 881.709472656 891.579345703 759.980895996
eeg 585.612976074 881.709472656 865.259643555 786.300598145
eeg 574.098144531 855.389770508 865.259643555 838.940002441
eeg 600.41784668 802.750427246 812.620300293 944.218688965
eeg 598.772827148 776.430725098 759.980895996 838.940002441
eeg 582.323059082 855.389770508 838.940002441 838.940002441
eeg 569.163208008 908.029174805 891.579345703 786.300598145
eeg 582.323059082 855.389770508 865.259643555 786.300598145
eeg 577.388122559 855.389770508 865.259643555 838.940002441
eeg 569.163208008 829.070068359 812.620300293 891.579345703
eeg 567.518188477 776.430725098 786.300598145 838.940002441
eeg 569.163208008 908.029174805 891.579345703 812.620300293
eeg 570.808166504 908.029174805 891.579345703 812.620300293
eeg 562.583251953 855.389770508 865.259643555 838.940002441
eeg 577.388122559 802.750427246 786.300598145 917.899047852
eeg 574.098144531 776.430725098 759.980895996 812.620300293
a nan nan nan nan
b nan nan nan nan
d nan nan nan nan
g nan nan nan nan
t nan nan nan nan
h 4.0 4.0 4.0 4.0
c 0.0
Aa 0.0 0.0 0.0 0.0
Ab 0.0 0.0 0.0 0.0
Ad 0.0 0.0 0.0 0.0
Ag 0.0 0.0 0.0 0.0
At 0.0 0.0 0.0 0.0
as 0.0 0.0 0.0 0.0
bs 0.0 0.0 0.0 0.0
ds 0.0 0.0 0.0 0.0
gs 0.0 0.0 0.0 0.0
ts 0.0 0.0 0.0 0.0
eeg 562.583251953 855.389770508 838.940002441 812.620300293
eeg 567.518188477 881.709472656 891.579345703 779.720703125
eeg 590.547912598 776.430725098 838.940002441 786.300598145
eeg 582.323059082 776.430725098 838.940002441 825.780151367
eeg 569.163208008 776.430725098 812.620300293 891.579345703
eeg 595.482910156 723.791320801 733.661254883 792.880554199
eeg 587.257995605 855.389770508 865.259643555 779.720703125
eeg 572.453186035 855.389770508 865.259643555 799.460449219
eeg 574.098144531 802.750427246 838.940002441 845.519897461
eeg 592.192932129 776.430725098 786.300598145 931.058898926
eeg 587.257995605 776.430725098 759.980895996 799.460449219
eeg 583.968017578 855.389770508 838.940002441 806.040344238
eeg 587.257995605 908.029174805 891.579345703 779.720703125
eeg 585.612976074 829.070068359 812.620300293 786.300598145
eeg 595.482910156 802.750427246 812.620300293 812.620300293
eeg 577.388122559 802.750427246 786.300598145 878.419494629
eeg 572.453186035 776.430725098 733.661254883 759.980895996
eeg 585.612976074 894.86932373 838.940002441 756.690979004
eeg 580.678039551 917.899047852 838.940002441 792.880554199
eeg 569.163208008 809.330322266 786.300598145 832.360046387
eeg 590.547912598 783.010620117 733.661254883 924.478942871
eeg 579.033081055 769.850830078 733.661254883 786.300598145
a nan nan nan nan
b nan nan nan nan
d nan nan nan nan
g nan nan nan nan
t nan nan nan nan
h 4.0 4.0 4.0 4.0
c 0.0
Aa 0.0 0.0 0.0 0.0
Ab 0.0 0.0 0.0 0.0
Ad 0.0 0.0 0.0 0.0
Ag 0.0 0.0 0.0 0.0
At 0.0 0.0 0.0 0.0
as 0.0 0.0 0.0 0.0
bs 0.0 0.0 0.0 0.0
ds 0.0 0.0 0.0 0.0
gs 0.0 0.0 0.0 0.0
ts 0.0 0.0 0.0 0.0
eeg 567.518188477 855.389770508 786.300598145 789.590576172
eeg 565.87322998 934.348815918 838.940002441 779.720703125
eeg 582.323059082 838.940002441 786.300598145 796.170471191
eeg 583.968017578 802.750427246 786.300598145 806.040344238
eeg 569.163208008 819.200195312 786.300598145 884.999450684
eeg 569.163208008 783.010620117 733.661254883 746.821105957
eeg 585.612976074 878.419494629 838.940002441 756.690979004
eeg 577.388122559 921.188964844 838.940002441 799.460449219
eeg 569.163208008 796.170471191 786.300598145 835.650024414
eeg 585.612976074 783.010620117 786.300598145 924.478942871
eeg 582.323059082 776.430725098 786.300598145 779.720703125
eeg 575.743103027 829.070068359 838.940002441 784.655639648
eeg 577.388122559 881.709472656 891.579345703 786.300598145
eeg 587.257995605 829.070068359 812.620300293 812.620300293
eeg 577.388122559 829.070068359 786.300598145 810.975280762
eeg 570.808166504 829.070068359 786.300598145 888.289367676
eeg 580.678039551 829.070068359 759.980895996 748.466064453
eeg 582.323059082 881.709472656 865.259643555 750.111022949
eeg 572.453186035 934.348815918 891.579345703 812.620300293
eeg 565.87322998 829.070068359 812.620300293 845.519897461
eeg 592.192932129 829.070068359 786.300598145 926.123962402
eeg 590.547912598 829.070068359 786.300598145 779.720703125
a nan nan nan nan
b nan nan nan nan
d nan nan nan nan
g nan nan nan nan
t nan nan nan nan
h 4.0 4.0 4.0 4.0
c 0.0
Aa 0.0 0.0 0.0 0.0
Ab 0.0 0.0 0.0 0.0
Ad 0.0 0.0 0.0 0.0
Ag 0.0 0.0 0.0 0.0
At 0.0 0.0 0.0 0.0
as 0.0 0.0 0.0 0.0
bs 0.0 0.0 0.0 0.0
ds 0.0 0.0 0.0 0.0
gs 0.0 0.0 0.0 0.0
ts 0.0 0.0 0.0 0.0
eeg 572.453186035 881.709472656 865.259643555 778.075683594
eeg 559.293334961 934.348815918 917.899047852 781.365661621
eeg 572.453186035 829.070068359 812.620300293 825.780151367
eeg 582.323059082 829.070068359 812.620300293 806.040344238
eeg 579.033081055 829.070068359 812.620300293 889.934387207
eeg 585.612976074 855.389770508 812.620300293 748.466064453
eeg 590.547912598 908.029174805 891.579345703 748.466064453
eeg 605.352783203 960.668518066 917.899047852 817.555236816
eeg 590.547912598 829.070068359 812.620300293 847.164855957
eeg 592.192932129 829.070068359 786.300598145 919.544006348
eeg 593.837890625 829.070068359 786.300598145 781.365661621
eeg 580.678039551 881.709472656 865.259643555 768.205810547
eeg 592.192932129 934.348815918 917.899047852 797.815490723
eeg 598.772827148 829.070068359 838.940002441 834.005004883
eeg 574.098144531 802.750427246 812.620300293 807.68536377
eeg 575.743103027 829.070068359 812.620300293 896.514282227
eeg 579.033081055 829.070068359 812.620300293 758.3359375
eeg 588.902954102 855.389770508 865.259643555 748.466064453
eeg 582.323059082 908.029174805 917.899047852 824.135131836
eeg 575.743103027 776.430725098 786.300598145 843.874938965
eeg 574.098144531 776.430725098 786.300598145 916.25402832
eeg 569.163208008 829.070068359 786.300598145 758.3359375
a nan nan nan nan
b nan nan nan nan
d nan nan nan nan
g nan nan nan nan
t nan nan nan nan
h 4.0 4.0 4.0 4.0
c 0.0
Aa 0.0 0.0 0.0 0.0
Ab 0.0 0.0 0.0 0.0
Ad 0.0 0.0 0.0 0.0
Ag 0.0 0.0 0.0 0.0
At 0.0 0.0 0.0 0.0
as 0.0 0.0 0.0 0.0
bs 0.0 0.0 0.0 0.0
ds 0.0 0.0 0.0 0.0
gs 0.0 0.0 0.0 0.0
ts 0.0 0.0 0.0 0.0
eeg 559.293334961 908.029174805 838.940002441 758.3359375
eeg 556.003356934 960.668518066 891.579345703 758.3359375
eeg 572.453186035 855.389770508 786.300598145 810.975280762
eeg 562.583251953 802.750427246 786.300598145 784.655639648
eeg 547.778442383 829.070068359 786.300598145 863.614685059
eeg 554.358398438 829.070068359 786.300598145 732.016235352
eeg 572.453186035 855.389770508 838.940002441 732.016235352
eeg 556.003356934 934.348815918 891.579345703 784.655639648
eeg 547.778442383 802.750427246 786.300598145 810.975280762
eeg 570.808166504 802.750427246 786.300598145 863.614685059
eeg 574.098144531 829.070068359 786.300598145 758.3359375
eeg 580.678039551 881.709472656 838.940002441 758.3359375
eeg 580.678039551 908.029174805 891.579345703 784.655639648
eeg 602.062805176 802.750427246 786.300598145 837.29498291
eeg 588.902954102 750.111022949 786.300598145 810.975280762
eeg 588.902954102 855.389770508 838.940002441 916.25402832
eeg 603.707763672 908.029174805 838.940002441 863.614685059
eeg 606.997741699 960.668518066 891.579345703 916.25402832
eeg 595.482910156 1013.30786133 944.218688965 968.893432617
eeg 585.612976074 908.029174805 812.620300293 968.893432617
eeg 587.257995605 908.029174805 812.620300293 968.893432617
eeg 585.612976074 960.668518066 838.940002441 863.614685059
a nan nan nan nan
b nan nan nan nan
d nan nan nan nan
g nan nan nan nan
t nan nan nan nan
h 4.0 4.0 4.0 4.0
c 0.0
Aa 0.0 0.0 0.0 0.0
Ab 0.0 0.0 0.0 0.0
Ad 0.0 0.0 0.0 0.0
Ag 0.0 0.0 0.0 0.0
At 0.0 0.0 0.0 0.0
as 0.0 0.0 0.0 0.0
bs 0.0 0.0 0.0 0.0
ds 0.0 0.0 0.0 0.0
gs 0.0 0.0 0.0 0.0
ts 0.0 0.0 0.0 0.0
eeg 575.743103027 960.668518066 891.579345703 863.614685059
eeg 574.098144531 960.668518066 944.218688965 863.614685059
eeg 602.062805176 855.389770508 838.940002441 916.25402832
eeg 588.902954102 802.750427246 812.620300293 863.614685059
eeg 572.453186035 855.389770508 838.940002441 916.25402832
eeg 588.902954102 855.389770508 838.940002441 810.975280762
eeg 605.352783203 855.389770508 865.259643555 810.975280762
eeg 611.932678223 908.029174805 917.899047852 863.614685059
eeg 593.837890625 802.750427246 786.300598145 863.614685059
eeg 590.547912598 776.430725098 773.14074707 891.579345703
eeg 590.547912598 881.709472656 825.780151367 838.940002441
eeg 587.257995605 881.709472656 904.739196777 838.940002441
eeg 579.033081055 881.709472656 957.378540039 838.940002441
eeg 598.772827148 829.070068359 878.419494629 891.579345703
eeg 602.062805176 776.430725098 825.780151367 838.940002441
eeg 582.323059082 829.070068359 878.419494629 891.579345703
eeg 590.547912598 829.070068359 878.419494629 786.300598145
eeg 600.41784668 829.070068359 878.419494629 786.300598145
eeg 592.192932129 881.709472656 931.058898926 838.940002441
eeg 583.968017578 776.430725098 773.14074707 838.940002441
eeg 602.062805176 776.430725098 773.14074707 838.940002441
eeg 590.547912598 829.070068359 799.460449219 786.300598145
a nan nan nan nan
b nan nan nan nan
d nan nan nan nan
g nan nan nan nan
t nan nan nan nan
h 4.0 4.0 4.0 4.0
c 0.0
Aa 0.0 0.0 0.0 0.0
Ab 0.0 0.0 0.0 0.0
Ad 0.0 0.0 0.0 0.0
Ag 0.0 0.0 0.0 0.0
At 0.0 0.0 0.0 0.0
as 0.0 0.0 0.0 0.0
bs 0.0 0.0 0.0 0.0
ds 0.0 0.0 0.0 0.0
gs 0.0 0.0 0.0 0.0
ts 0.0 0.0 0.0 0.0
eeg 575.743103027 829.070068359 852.09979248 786.300598145
eeg 567.518188477 829.070068359 878.419494629 786.300598145
eeg 579.033081055 776.430725098 799.460449219 838.940002441
eeg 572.453186035 723.791320801 746.821105957 786.300598145
eeg 565.87322998 815.91027832 852.09979248 891.579345703
eeg 569.163208008 861.969726562 904.739196777 838.940002441
eeg 575.743103027 855.389770508 904.739196777 838.940002441
eeg 572.453186035 901.44921875 957.378540039 891.579345703
eeg 572.453186035 796.170471191 852.09979248 891.579345703
eeg 582.323059082 763.270874023 852.09979248 891.579345703
eeg 587.257995605 875.129516602 904.739196777 838.940002441
eeg 585.612976074 894.86932373 904.739196777 838.940002441
eeg 560.938293457 908.029174805 904.739196777 838.940002441
eeg 565.87322998 815.91027832 852.09979248 891.579345703
eeg 567.518188477 750.111022949 799.460449219 838.940002441
eeg 569.163208008 848.809875488 852.09979248 891.579345703
eeg 565.87322998 888.289367676 852.09979248 786.300598145
eeg 583.968017578 861.969726562 852.09979248 786.300598145
eeg 574.098144531 888.289367676 904.739196777 838.940002441
eeg 565.87322998 802.750427246 799.460449219 838.940002441
eeg 582.323059082 802.750427246 778.075683594 838.940002441
eeg 574.098144531 908.029174805 871.839599609 786.300598145
a nan nan nan nan
b nan nan nan nan
d nan nan nan nan
g nan nan nan nan
t nan nan nan nan
h 4.0 4.0 4.0 4.0
c 0.0
Aa 0.0 0.0 0.0 0.0
Ab 0.0 0.0 0.0 0.0
Ad 0.0 0.0 0.0 0.0
Ag 0.0 0.0 0.0 0.0
At 0.0 0.0 0.0 0.0
as 0.0 0.0 0.0 0.0
bs 0.0 0.0 0.0 0.0
ds 0.0 0.0 0.0 0.0
gs 0.0 0.0 0.0 0.0
ts 0.0 0.0 0.0 0.0
eeg 582.323059082 908.029174805 898.159240723 786.300598145
eeg 570.808166504 908.029174805 919.544006348 812.620300293
eeg 582.323059082 829.070068359 804.395385742 891.579345703
eeg 577.388122559 776.430725098 748.466064453 812.620300293
eeg 557.64831543 855.389770508 845.519897461 865.259643555
eeg 562.583251953 881.709472656 880.064453125 786.300598145
eeg 569.163208008 855.389770508 865.259643555 759.980895996
eeg 559.293334961 855.389770508 906.384155273 838.940002441
eeg 551.06842041 802.750427246 784.655639648 865.259643555
eeg 565.87322998 750.111022949 761.625915527 865.259643555
eeg 556.003356934 881.709472656 870.194580078 812.620300293
eeg 559.293334961 881.709472656 898.159240723 812.620300293
eeg 547.778442383 881.709472656 911.319091797 838.940002441
eeg 560.938293457 802.750427246 804.395385742 917.899047852
eeg 570.808166504 723.791320801 778.075683594 812.620300293
eeg 560.938293457 829.070068359 909.674133301 838.940002441
eeg 569.163208008 855.389770508 935.993835449 759.980895996
eeg 574.098144531 829.070068359 935.993835449 759.980895996
eeg 559.293334961 829.070068359 935.993835449 838.940002441
eeg 559.293334961 776.430725098 857.034729004 865.259643555
eeg 588.902954102 723.791320801 804.395385742 865.259643555
eeg 610.287719727 855.389770508 909.674133301 812.620300293
a nan nan nan nan
b nan nan nan nan
d nan nan nan nan
g nan nan nan nan
t nan nan nan nan
h 4.0 4.0 4.0 4.0
c 0.0
Aa 0.0 0.0 0.0 0.0
Ab 0.0 0.0 0.0 0.0
Ad 0.0 0.0 0.0 0.0
Ag 0.0 0.0 0.0 0.0
At 0.0 0.0 0.0 0.0
as 0.0 0.0 0.0 0.0
bs 0.0 0.0 0.0 0.0
ds 0.0 0.0 0.0 0.0
gs 0.0 0.0 0.0 0.0
ts 0.0 0.0 0.0 0.0
eeg 565.87322998 855.389770508 935.993835449 812.620300293
eeg 546.133483887 829.070068359 935.993835449 838.940002441
eeg 557.64831543 776.430725098 857.034729004 917.899047852
eeg 549.423461914 723.791320801 804.395385742 812.620300293
eeg 542.843505859 829.070068359 883.354431152 838.940002441
eeg 521.458740234 881.709472656 909.674133301 759.980895996
eeg 546.133483887 855.389770508 883.354431152 759.980895996
eeg 526.393737793 855.389770508 883.354431152 812.620300293
eeg 531.328674316 802.750427246 778.075683594 838.940002441
eeg 528.038696289 750.111022949 725.436340332 812.620300293
eeg 511.588897705 881.709472656 804.395385742 759.980895996
eeg 521.458740234 881.709472656 830.715087891 759.980895996
eeg 501.718994141 855.389770508 830.715087891 786.300598145
eeg 539.553527832 802.750427246 778.075683594 891.579345703
eeg 542.843505859 776.430725098 725.436340332 786.300598145
eeg 528.038696289 855.389770508 804.395385742 812.620300293
eeg 539.553527832 908.029174805 857.034729004 759.980895996
eeg 560.938293457 855.389770508 830.715087891 759.980895996
eeg 556.003356934 855.389770508 830.715087891 812.620300293
eeg 559.293334961 829.070068359 778.075683594 865.259643555
eeg 570.808166504 776.430725098 751.75604248 812.620300293
eeg 572.453186035 908.029174805 883.354431152 786.300598145
a nan nan nan nan
b nan nan nan nan
d nan nan nan nan
g nan nan nan nan
t nan nan nan nan
h 4.0 4.0 4.0 4.0
c 0.0
Aa 0.0 0.0 0.0 0.0
Ab 0.0 0.0 0.0 0.0
Ad 0.0 0.0 0.0 0.0
Ag 0.0 0.0 0.0 0.0
At 0.0 0.0 0.0 0.0
as 0.0 0.0 0.0 0.0
bs 0.0 0.0 0.0 0.0
ds 0.0 0.0 0.0 0.0
gs 0.0 0.0 0.0 0.0
ts 0.0 0.0 0.0 0.0
eeg 570.808166504 908.029174805 883.354431152 786.300598145
eeg 569.163208008 855.389770508 883.354431152 812.620300293
eeg 572.453186035 750.111022949 778.075683594 904.739196777
eeg 560.938293457 750.111022949 725.436340332 786.300598145
eeg 567.518188477 802.750427246 804.395385742 806.040344238
eeg 560.938293457 855.389770508 830.715087891 759.980895996
eeg 567.518188477 802.750427246 804.395385742 759.980895996
eeg 569.163208008 802.750427246 804.395385742 806.040344238
eeg 551.06842041 802.750427246 778.075683594 865.259643555
eeg 559.293334961 750.111022949 725.436340332 779.720703125
eeg 567.518188477 855.389770508 857.034729004 759.980895996
eeg 574.098144531 855.389770508 883.354431152 779.720703125
eeg 564.228271484 802.750427246 857.034729004 819.200195312
eeg 580.678039551 802.750427246 804.395385742 917.899047852
eeg 574.098144531 802.750427246 778.075683594 786.300598145
eeg 554.358398438 855.389770508 857.034729004 806.040344238
eeg 549.423461914 908.029174805 909.674133301 773.14074707
eeg 570.808166504 855.389770508 857.034729004 779.720703125
eeg 574.098144531 822.49017334 857.034729004 819.200195312
eeg 569.163208008 815.91027832 830.715087891 881.709472656
eeg 575.743103027 769.850830078 778.075683594 773.14074707
eeg 580.678039551 888.289367676 909.674133301 766.560852051
a nan nan nan nan
b nan nan nan nan
d nan nan nan nan
g nan nan nan nan
t nan nan nan nan
h 4.0 4.0 4.0 4.0
c 0.0
Aa 0.0 0.0 0.0 0.0
Ab 0.0 0.0 0.0 0.0
Ad 0.0 0.0 0.0 0.0
Ag 0.0 0.0 0.0 0.0
At 0.0 0.0 0.0 0.0
as 0.0 0.0 0.0 0.0
bs 0.0 0.0 0.0 0.0
ds 0.0 0.0 0.0 0.0
gs 0.0 0.0 0.0 0.0
ts 0.0 0.0 0.0 0.0
eeg 579.033081055 908.029174805 909.674133301 792.880554199
eeg 564.228271484 822.49017334 857.034729004 838.940002441
eeg 587.257995605 789.590576172 804.395385742 927.768920898
eeg 593.837890625 776.430725098 778.075683594 796.170471191
eeg 580.678039551 868.549621582 857.034729004 802.750427246
eeg 574.098144531 940.928771973 909.674133301 783.010620117
eeg 582.323059082 848.809875488 857.034729004 796.170471191
eeg 587.257995605 815.91027832 857.034729004 815.91027832
eeg 575.743103027 822.49017334 830.715087891 888.289367676
eeg 587.257995605 783.010620117 778.075683594 756.690979004
eeg 585.612976074 881.709472656 909.674133301 756.690979004
eeg 583.968017578 921.188964844 909.674133301 796.170471191
eeg 585.612976074 789.590576172 857.034729004 835.650024414
eeg 590.547912598 763.270874023 804.395385742 927.768920898
eeg 590.547912598 763.270874023 804.395385742 786.300598145
eeg 582.323059082 842.229919434 883.354431152 786.300598145
eeg 577.388122559 921.188964844 935.993835449 786.300598145
eeg 564.228271484 842.229919434 857.034729004 802.750427246
eeg 557.64831543 815.91027832 830.715087891 799.460449219
eeg 554.358398438 815.91027832 830.715087891 881.709472656
eeg 556.003356934 815.91027832 804.395385742 740.241149902
eeg 583.968017578 894.86932373 909.674133301 753.401000977
a nan nan nan nan
b nan nan nan nan
d nan nan nan nan
g nan nan nan nan
t nan nan nan nan
h 4.0 4.0 4.0 4.0
c 0.0
Aa 0.0 0.0 0.0 0.0
Ab 0.0 0.0 0.0 0.0
Ad 0.0 0.0 0.0 0.0
Ag 0.0 0.0 0.0 0.0
At 0.0 0.0 0.0 0.0
as 0.0 0.0 0.0 0.0
bs 0.0 0.0 0.0 0.0
ds 0.0 0.0 0.0 0.0
gs 0.0 0.0 0.0 0.0
ts 0.0 0.0 0.0 0.0
eeg 588.902954102 921.188964844 909.674133301 802.750427246
eeg 587.257995605 815.91027832 830.715087891 838.940002441
eeg 597.127868652 815.91027832 804.395385742 921.188964844
eeg 597.127868652 815.91027832 804.395385742 779.720703125
eeg 585.612976074 894.86932373 883.354431152 779.720703125
eeg 582.323059082 947.508666992 935.993835449 786.300598145
eeg 598.772827148 829.070068359 830.715087891 819.200195312
