eeg 753.401000977 773.14074707 804.395385742 894.86932373
eeg 732.016235352 855.389770508 857.034729004 815.91027832
eeg 758.3359375 894.86932373 909.674133301 763.270874023
eeg 759.980895996 921.188964844 935.993835449 842.229919434
eeg 763.270874023 815.91027832 830.715087891 868.549621582
eeg 738.596191406 753.401000977 804.395385742 842.229919434
eeg 748.466064453 845.519897461 883.354431152 868.549621582
eeg 764.91583252 871.839599609 883.354431152 789.590576172
eeg 755.045959473 855.389770508 883.354431152 763.270874023
eeg 741.886108398 914.609069824 962.313476562 868.549621582
eeg 746.821105957 789.590576172 804.395385742 868.549621582
eeg 769.850830078 769.850830078 804.395385742 868.549621582
a nan nan nan nan
b nan nan nan nan
d nan nan nan nan
g nan nan nan nan
t nan nan nan nan
h 4.0 4.0 4.0 4.0
c 0.0
Aa 0.0 0.0 0.0 0.0
Ab 0.0 0.0 0.0 0.0
Ad 0.0 0.0 0.0 0.0
Ag 0.0 0.0 0.0 0.0
At 0.0 0.0 0.0 0.0
as 0.0 0.0 0.0 0.0
bs 0.0 0.0 0.0 0.0
ds 0.0 0.0 0.0 0.0
gs 0.0 0.0 0.0 0.0
ts 0.0 0.0 0.0 0.0
eeg 745.176086426 878.419494629 857.034729004 789.590576172
eeg 779.720703125 901.44921875 883.354431152 763.270874023
eeg 773.14074707 914.609069824 909.674133301 842.229919434
eeg 787.945556641 812.620300293 804.395385742 894.86932373
eeg 783.010620117 753.401000977 778.075683594 815.91027832
eeg 794.525512695 852.09979248 857.034729004 789.590576172
eeg 815.91027832 884.999450684 909.674133301 736.951171875
eeg 810.975280762 865.259643555 909.674133301 684.311828613
eeg 815.91027832 898.159240723 962.313476562 815.91027832
eeg 824.135131836 806.040344238 857.034729004 815.91027832
eeg 845.519897461 766.560852051 830.715087891 815.91027832
eeg 801.105407715 884.999450684 909.674133301 763.270874023
eeg 817.555236816 898.159240723 909.674133301 736.951171875
eeg 815.91027832 904.739196777 935.993835449 815.91027832
eeg 815.91027832 812.620300293 830.715087891 868.549621582
eeg 797.815490723 753.401000977 778.075683594 815.91027832
eeg 807.68536377 858.679748535 857.034729004 815.91027832
eeg 814.265258789 898.159240723 883.354431152 789.590576172
eeg 802.750427246 865.259643555 883.354431152 736.951171875
eeg 809.330322266 884.999450684 909.674133301 868.549621582
eeg 810.975280762 806.040344238 804.395385742 842.229919434
eeg 827.425109863 727.081298828 778.075683594 815.91027832
a nan nan nan nan
b nan nan nan nan
d nan nan nan nan
g nan nan nan nan
t nan nan nan nan
h 4.0 4.0 4.0 4.0
c 0.0
Aa 0.0 0.0 0.0 0.0
Ab 0.0 0.0 0.0 0.0
Ad 0.0 0.0 0.0 0.0
Ag 0.0 0.0 0.0 0.0
At 0.0 0.0 0.0 0.0
as 0.0 0.0 0.0 0.0
bs 0.0 0.0 0.0 0.0
ds 0.0 0.0 0.0 0.0
gs 0.0 0.0 0.0 0.0
ts 0.0 0.0 0.0 0.0
eeg 804.395385742 832.360046387 883.354431152 763.270874023
eeg 809.330322266 832.360046387 909.674133301 736.951171875
eeg 814.265258789 832.360046387 909.674133301 815.91027832
eeg 835.650024414 753.401000977 830.715087891 868.549621582
eeg 804.395385742 700.76159668 778.075683594 815.91027832
eeg 806.040344238 806.040344238 857.034729004 815.91027832
eeg 807.68536377 832.360046387 883.354431152 789.590576172
eeg 779.720703125 806.040344238 857.034729004 736.951171875
eeg 791.235534668 806.040344238 883.354431152 842.229919434
eeg 794.525512695 753.401000977 804.395385742 868.549621582
eeg 794.525512695 727.081298828 778.075683594 815.91027832
eeg 778.075683594 858.679748535 883.354431152 789.590576172
eeg 797.815490723 884.999450684 909.674133301 763.270874023
eeg 789.590576172 884.999450684 909.674133301 842.229919434
eeg 806.040344238 801.105407715 807.68536377 921.188964844
eeg 792.880554199 748.466064453 702.406616211 815.91027832
eeg 796.170471191 827.425109863 755.045959473 763.270874023
eeg 807.68536377 853.744812012 807.68536377 763.270874023
eeg 801.105407715 827.425109863 807.68536377 710.631530762
eeg 792.880554199 827.425109863 807.68536377 815.91027832
eeg 807.68536377 801.105407715 755.045959473 815.91027832
eeg 817.555236816 748.466064453 702.406616211 763.270874023
a nan nan nan nan
b nan nan nan nan
d nan nan nan nan
g nan nan nan nan
t nan nan nan nan
h 4.0 4.0 4.0 4.0
c 0.0
Aa 0.0 0.0 0.0 0.0
Ab 0.0 0.0 0.0 0.0
Ad 0.0 0.0 0.0 0.0
Ag 0.0 0.0 0.0 0.0
At 0.0 0.0 0.0 0.0
as 0.0 0.0 0.0 0.0
bs 0.0 0.0 0.0 0.0
ds 0.0 0.0 0.0 0.0
gs 0.0 0.0 0.0 0.0
ts 0.0 0.0 0.0 0.0
eeg 792.880554199 880.064453125 807.68536377 763.270874023
eeg 807.68536377 880.064453125 807.68536377 763.270874023
eeg 804.395385742 853.744812012 807.68536377 815.91027832
eeg 815.91027832 801.105407715 755.045959473 868.549621582
eeg 796.170471191 774.785766602 755.045959473 815.91027832
eeg 797.815490723 853.744812012 807.68536377 815.91027832
eeg 802.750427246 906.384155273 860.324707031 815.91027832
eeg 794.525512695 853.744812012 860.324707031 763.270874023
eeg 787.945556641 853.744812012 860.324707031 868.549621582
eeg 799.460449219 853.744812012 807.68536377 894.86932373
eeg 817.555236816 801.105407715 755.045959473 802.750427246
eeg 779.720703125 906.384155273 860.324707031 783.010620117
eeg 779.720703125 906.384155273 860.324707031 763.270874023
eeg 783.010620117 853.744812012 860.324707031 855.389770508
eeg 797.815490723 801.105407715 807.68536377 921.188964844
eeg 779.720703125 801.105407715 807.68536377 822.49017334
eeg 809.330322266 853.744812012 860.324707031 802.750427246
eeg 812.620300293 906.384155273 912.964111328 809.330322266
eeg 806.040344238 853.744812012 860.324707031 769.850830078
eeg 822.49017334 853.744812012 860.324707031 861.969726562
eeg 829.070068359 853.744812012 807.68536377 908.029174805
eeg 840.584960938 801.105407715 755.045959473 789.590576172
a nan nan nan nan
b nan nan nan nan
d nan nan nan nan
g nan nan nan nan
t nan nan nan nan
h 4.0 4.0 4.0 4.0
c 0.0
Aa 0.0 0.0 0.0 0.0
Ab 0.0 0.0 0.0 0.0
Ad 0.0 0.0 0.0 0.0
Ag 0.0 0.0 0.0 0.0
At 0.0 0.0 0.0 0.0
as 0.0 0.0 0.0 0.0
bs 0.0 0.0 0.0 0.0
ds 0.0 0.0 0.0 0.0
gs 0.0 0.0 0.0 0.0
ts 0.0 0.0 0.0 0.0
eeg 822.49017334 906.384155273 860.324707031 783.010620117
eeg 837.29498291 906.384155273 860.324707031 776.430725098
eeg 804.395385742 853.744812012 860.324707031 861.969726562
eeg 837.29498291 801.105407715 807.68536377 931.058898926
eeg 804.395385742 748.466064453 807.68536377 829.070068359
eeg 814.265258789 801.105407715 860.324707031 796.170471191
eeg 817.555236816 853.744812012 912.964111328 819.200195312
eeg 796.170471191 801.105407715 860.324707031 789.590576172
eeg 794.525512695 801.105407715 860.324707031 861.969726562
eeg 786.300598145 801.105407715 860.324707031 917.899047852
eeg 804.395385742 748.466064453 807.68536377 786.300598145
eeg 774.785766602 853.744812012 912.964111328 776.430725098
eeg 783.010620117 853.744812012 912.964111328 783.010620117
eeg 789.590576172 801.105407715 860.324707031 868.549621582
eeg 802.750427246 801.105407715 807.68536377 927.768920898
eeg 776.430725098 801.105407715 807.68536377 819.200195312
eeg 783.010620117 853.744812012 860.324707031 783.010620117
eeg 789.590576172 906.384155273 912.964111328 815.91027832
eeg 789.590576172 853.744812012 860.324707031 802.750427246
eeg 789.590576172 853.744812012 834.005004883 881.709472656
eeg 804.395385742 853.744812012 820.845214844 960.668518066
eeg 814.265258789 827.425109863 755.045959473 829.070068359
a nan nan nan nan
b nan nan nan nan
d nan nan nan nan
g nan nan nan nan
t nan nan nan nan
h 4.0 4.0 4.0 4.0
c 0.0
Aa 0.0 0.0 0.0 0.0
Ab 0.0 0.0 0.0 0.0
Ad 0.0 0.0 0.0 0.0
Ag 0.0 0.0 0.0 0.0
At 0.0 0.0 0.0 0.0
as 0.0 0.0 0.0 0.0
bs 0.0 0.0 0.0 0.0
ds 0.0 0.0 0.0 0.0
gs 0.0 0.0 0.0 0.0
ts 0.0 0.0 0.0 0.0
eeg 784.655639648 906.384155273 860.324707031 829.070068359
eeg 814.265258789 932.703857422 893.224304199 829.070068359
eeg 815.91027832 827.425109863 814.265258789 881.709472656
eeg 829.070068359 827.425109863 774.785766602 934.348815918
eeg 794.525512695 827.425109863 761.625915527 829.070068359
eeg 806.040344238 906.384155273 853.744812012 802.750427246
eeg 799.460449219 959.02355957 919.544006348 829.070068359
eeg 789.590576172 853.744812012 814.265258789 829.070068359
eeg 784.655639648 827.425109863 807.68536377 855.389770508
eeg 786.300598145 827.425109863 794.525512695 908.029174805
eeg 804.395385742 827.425109863 774.785766602 776.430725098
eeg 781.365661621 880.064453125 866.904663086 776.430725098
eeg 794.525512695 932.703857422 912.964111328 802.750427246
eeg 784.655639648 827.425109863 834.005004883 881.709472656
eeg 801.105407715 827.425109863 834.005004883 934.348815918
eeg 778.075683594 827.425109863 834.005004883 829.070068359
eeg 792.880554199 880.064453125 886.64440918 802.750427246
eeg 799.460449219 932.703857422 965.60345459 855.389770508
eeg 784.655639648 827.425109863 860.324707031 855.389770508
eeg 779.720703125 827.425109863 834.005004883 881.709472656
eeg 787.945556641 827.425109863 834.005004883 934.348815918
eeg 802.750427246 827.425109863 834.005004883 802.750427246
a nan nan nan nan
b nan nan nan nan
d nan nan nan nan
g nan nan nan nan
t nan nan nan nan
h 4.0 4.0 4.0 4.0
c 0.0
Aa 0.0 0.0 0.0 0.0
Ab 0.0 0.0 0.0 0.0
Ad 0.0 0.0 0.0 0.0
Ag 0.0 0.0 0.0 0.0
At 0.0 0.0 0.0 0.0
as 0.0 0.0 0.0 0.0
bs 0.0 0.0 0.0 0.0
ds 0.0 0.0 0.0 0.0
gs 0.0 0.0 0.0 0.0
ts 0.0 0.0 0.0 0.0
eeg 784.655639648 880.064453125 912.964111328 802.750427246
eeg 784.655639648 932.703857422 939.283752441 855.389770508
eeg 783.010620117 827.425109863 834.005004883 908.029174805
eeg 809.330322266 827.425109863 807.68536377 934.348815918
eeg 796.170471191 827.425109863 807.68536377 829.070068359
eeg 797.815490723 880.064453125 886.64440918 776.430725098
eeg 797.815490723 932.703857422 939.283752441 829.070068359
eeg 802.750427246 853.744812012 817.555236816 842.229919434
eeg 781.365661621 853.744812012 787.945556641 848.809875488
eeg 779.720703125 906.384155273 809.330322266 921.188964844
eeg 804.395385742 906.384155273 801.105407715 783.010620117
eeg 781.365661621 932.703857422 853.744812012 763.270874023
eeg 797.815490723 1011.66290283 924.478942871 835.650024414
eeg 792.880554199 880.064453125 774.785766602 868.549621582
eeg 792.880554199 880.064453125 773.14074707 908.029174805
eeg 769.850830078 906.384155273 789.590576172 802.750427246
eeg 791.235534668 959.02355957 875.129516602 750.111022949
eeg 799.460449219 985.343200684 935.993835449 822.49017334
eeg 802.750427246 880.064453125 817.555236816 848.809875488
eeg 779.720703125 827.425109863 778.075683594 848.809875488
eeg 776.430725098 853.744812012 812.620300293 921.188964844
eeg 794.525512695 853.744812012 815.91027832 789.590576172
a nan nan nan nan
b nan nan nan nan
d nan nan nan nan
g nan nan nan nan
t nan nan nan nan
h 4.0 4.0 4.0 4.0
c 0.0
Aa 0.0 0.0 0.0 0.0
Ab 0.0 0.0 0.0 0.0
Ad 0.0 0.0 0.0 0.0
Ag 0.0 0.0 0.0 0.0
At 0.0 0.0 0.0 0.0
as 0.0 0.0 0.0 0.0
bs 0.0 0.0 0.0 0.0
ds 0.0 0.0 0.0 0.0
gs 0.0 0.0 0.0 0.0
ts 0.0 0.0 0.0 0.0
eeg 796.170471191 853.744812012 850.454833984 769.850830078
eeg 827.425109863 959.02355957 955.733581543 875.129516602
eeg 799.460449219 906.384155273 824.135131836 875.129516602
eeg 799.460449219 906.384155273 824.135131836 875.129516602
eeg 781.365661621 906.384155273 850.454833984 822.49017334
eeg 784.655639648 959.02355957 903.094238281 769.850830078
eeg 796.170471191 959.02355957 955.733581543 822.49017334
eeg 786.300598145 853.744812012 850.454833984 822.49017334
eeg 781.365661621 801.105407715 824.135131836 822.49017334
eeg 799.460449219 853.744812012 850.454833984 875.129516602
eeg 809.330322266 853.744812012 850.454833984 769.850830078
eeg 783.010620117 853.744812012 876.774536133 769.850830078
eeg 792.880554199 906.384155273 929.413879395 875.129516602
eeg 796.170471191 801.105407715 797.815490723 875.129516602
eeg 825.780151367 801.105407715 797.815490723 875.129516602
eeg 797.815490723 853.744812012 824.135131836 822.49017334
eeg 817.555236816 906.384155273 876.774536133 769.850830078
eeg 829.070068359 959.02355957 929.413879395 875.129516602
eeg 832.360046387 906.384155273 850.454833984 901.44921875
eeg 822.49017334 853.744812012 824.135131836 875.129516602
eeg 819.200195312 906.384155273 876.774536133 901.44921875
eeg 829.070068359 906.384155273 876.774536133 822.49017334
a nan nan nan nan
b nan nan nan nan
d nan nan nan nan
g nan nan nan nan
t nan nan nan nan
h 4.0 4.0 4.0 4.0
c 0.0
Aa 0.0 0.0 0.0 0.0
Ab 0.0 0.0 0.0 0.0
Ad 0.0 0.0 0.0 0.0
Ag 0.0 0.0 0.0 0.0
At 0.0 0.0 0.0 0.0
as 0.0 0.0 0.0 0.0
bs 0.0 0.0 0.0 0.0
ds 0.0 0.0 0.0 0.0
gs 0.0 0.0 0.0 0.0
ts 0.0 0.0 0.0 0.0
eeg 804.395385742 906.384155273 876.774536133 796.170471191
eeg 799.460449219 959.02355957 955.733581543 901.44921875
eeg 792.880554199 853.744812012 797.815490723 901.44921875
eeg 799.460449219 853.744812012 797.815490723 901.44921875
eeg 766.560852051 906.384155273 850.454833984 822.49017334
eeg 791.235534668 906.384155273 903.094238281 769.850830078
eeg 791.235534668 906.384155273 929.413879395 848.809875488
eeg 809.330322266 853.744812012 824.135131836 875.129516602
eeg 787.945556641 801.105407715 771.495788574 848.809875488
eeg 787.945556641 853.744812012 824.135131836 875.129516602
eeg 799.460449219 853.744812012 850.454833984 796.170471191
eeg 787.945556641 853.744812012 843.874938965 751.75604248
eeg 787.945556641 919.544006348 949.153686523 857.034729004
eeg 778.075683594 807.68536377 843.874938965 857.034729004
eeg 796.170471191 781.365661621 870.194580078 857.034729004
eeg 766.560852051 886.64440918 922.833984375 778.075683594
eeg 791.235534668 906.384155273 949.153686523 751.75604248
eeg 796.170471191 919.544006348 975.473327637 830.715087891
eeg 794.525512695 814.265258789 870.194580078 883.354431152
eeg 792.880554199 755.045959473 817.555236816 857.034729004
eeg 797.815490723 853.744812012 870.194580078 857.034729004
eeg 801.105407715 886.64440918 896.514282227 804.395385742
a nan nan nan nan
b nan nan nan nan
d nan nan nan nan
g nan nan nan nan
t nan nan nan nan
h 4.0 4.0 4.0 4.0
c 0.0
Aa 0.0 0.0 0.0 0.0
Ab 0.0 0.0 0.0 0.0
Ad 0.0 0.0 0.0 0.0
Ag 0.0 0.0 0.0 0.0
At 0.0 0.0 0.0 0.0
as 0.0 0.0 0.0 0.0
bs 0.0 0.0 0.0 0.0
ds 0.0 0.0 0.0 0.0
gs 0.0 0.0 0.0 0.0
ts 0.0 0.0 0.0 0.0
eeg 786.300598145 866.904663086 896.514282227 751.75604248
eeg 794.525512695 899.804260254 949.153686523 857.034729004
eeg 796.170471191 801.105407715 817.555236816 857.034729004
eeg 812.620300293 761.625915527 791.235534668 857.034729004
eeg 789.590576172 880.064453125 896.514282227 778.075683594
eeg 797.815490723 893.224304199 896.514282227 751.75604248
eeg 792.880554199 893.224304199 949.153686523 751.75604248
eeg 802.750427246 840.584960938 870.194580078 804.395385742
eeg 771.495788574 787.945556641 817.555236816 751.75604248
eeg 784.655639648 893.224304199 896.514282227 751.75604248
eeg 802.750427246 893.224304199 922.833984375 751.75604248
eeg 784.655639648 893.224304199 922.833984375 699.116638184
eeg 802.750427246 893.224304199 949.153686523 804.395385742
eeg 794.525512695 840.584960938 843.874938965 804.395385742
eeg 815.91027832 787.945556641 817.555236816 804.395385742
eeg 797.815490723 893.224304199 922.833984375 751.75604248
eeg 812.620300293 893.224304199 922.833984375 751.75604248
eeg 789.590576172 893.224304199 922.833984375 804.395385742
eeg 796.170471191 840.584960938 843.874938965 857.034729004
eeg 783.010620117 787.945556641 791.235534668 804.395385742
eeg 792.880554199 893.224304199 870.194580078 804.395385742
eeg 794.525512695 893.224304199 896.514282227 804.395385742
a nan nan nan nan
b nan nan nan nan
d nan nan nan nan
g nan nan nan nan
t nan nan nan nan
h 4.0 4.0 4.0 4.0
c 0.0
Aa 0.0 0.0 0.0 0.0
Ab 0.0 0.0 0.0 0.0
Ad 0.0 0.0 0.0 0.0
Ag 0.0 0.0 0.0 0.0
At 0.0 0.0 0.0 0.0
as 0.0 0.0 0.0 0.0
bs 0.0 0.0 0.0 0.0
ds 0.0 0.0 0.0 0.0
gs 0.0 0.0 0.0 0.0
ts 0.0 0.0 0.0 0.0
eeg 787.945556641 840.584960938 896.514282227 699.116638184
eeg 771.495788574 814.265258789 896.514282227 804.395385742
eeg 783.010620117 735.306213379 843.874938965 804.395385742
eeg 804.395385742 682.666870117 843.874938965 751.75604248
eeg 755.045959473 814.265258789 949.153686523 751.75604248
eeg 769.850830078 814.265258789 949.153686523 751.75604248
eeg 778.075683594 814.265258789 949.153686523 804.395385742
eeg 783.010620117 761.625915527 896.514282227 857.034729004
eeg 755.045959473 735.306213379 843.874938965 804.395385742
eeg 776.430725098 840.584960938 896.514282227 804.395385742
eeg 781.365661621 893.224304199 949.153686523 804.395385742
eeg 783.010620117 840.584960938 896.514282227 751.75604248
eeg 794.525512695 840.584960938 896.514282227 857.034729004
eeg 773.14074707 814.265258789 843.874938965 857.034729004
eeg 794.525512695 761.625915527 791.235534668 804.395385742
eeg 773.14074707 893.224304199 896.514282227 804.395385742
eeg 779.720703125 866.904663086 896.514282227 751.75604248
eeg 792.880554199 814.265258789 870.194580078 830.715087891
eeg 802.750427246 761.625915527 764.91583252 883.354431152
eeg 789.590576172 735.306213379 738.596191406 804.395385742
eeg 806.040344238 814.265258789 817.555236816 778.075683594
eeg 814.265258789 866.904663086 870.194580078 778.075683594
a nan nan nan nan
b nan nan nan nan
d nan nan nan nan
g nan nan nan nan
t nan nan nan nan
h 4.0 4.0 4.0 4.0
c 0.0
Aa 0.0 0.0 0.0 0.0
Ab 0.0 0.0 0.0 0.0
Ad 0.0 0.0 0.0 0.0
Ag 0.0 0.0 0.0 0.0
At 0.0 0.0 0.0 0.0
as 0.0 0.0 0.0 0.0
bs 0.0 0.0 0.0 0.0
ds 0.0 0.0 0.0 0.0
gs 0.0 0.0 0.0 0.0
ts 0.0 0.0 0.0 0.0
eeg 820.845214844 814.265258789 817.555236816 725.436340332
eeg 786.300598145 814.265258789 817.555236816 830.715087891
eeg 773.14074707 787.945556641 764.91583252 857.034729004
eeg 776.430725098 735.306213379 738.596191406 778.075683594
eeg 748.466064453 866.904663086 870.194580078 751.75604248
eeg 769.850830078 866.904663086 870.194580078 751.75604248
eeg 746.821105957 840.584960938 870.194580078 830.715087891
eeg 761.625915527 787.945556641 791.235534668 883.354431152
eeg 733.661254883 761.625915527 764.91583252 804.395385742
eeg 733.661254883 840.584960938 843.874938965 804.395385742
eeg 750.111022949 866.904663086 843.874938965 830.715087891
eeg 740.241149902 787.945556641 738.596191406 804.395385742
eeg 746.821105957 787.945556641 738.596191406 883.354431152
eeg 758.3359375 787.945556641 738.596191406 935.993835449
eeg 769.850830078 735.306213379 685.956787109 830.715087891
eeg 746.821105957 866.904663086 791.235534668 830.715087891
eeg 768.205810547 866.904663086 791.235534668 830.715087891
eeg 769.850830078 814.265258789 791.235534668 909.674133301
eeg 778.075683594 787.945556641 738.596191406 962.313476562
eeg 758.3359375 761.625915527 738.596191406 857.034729004
eeg 769.850830078 840.584960938 791.235534668 830.715087891
eeg 769.850830078 893.224304199 843.874938965 830.715087891
a nan nan nan nan
b nan nan nan nan
d nan nan nan nan
g nan nan nan nan
t nan nan nan nan
h 4.0 4.0 4.0 4.0
c 0.0
Aa 0.0 0.0 0.0 0.0
Ab 0.0 0.0 0.0 0.0
Ad 0.0 0.0 0.0 0.0
Ag 0.0 0.0 0.0 0.0
At 0.0 0.0 0.0 0.0
as 0.0 0.0 0.0 0.0
bs 0.0 0.0 0.0 0.0
ds 0.0 0.0 0.0 0.0
gs 0.0 0.0 0.0 0.0
ts 0.0 0.0 0.0 0.0
eeg 764.91583252 814.265258789 791.235534668 830.715087891
eeg 766.560852051 787.945556641 791.235534668 883.354431152
eeg 773.14074707 787.945556641 791.235534668 909.674133301
eeg 791.235534668 761.625915527 738.596191406 804.395385742
