eeg 806.040344238 909.674133301 906.384155273 783.010620117
eeg 807.68536377 962.313476562 932.703857422 888.289367676
eeg 794.525512695 909.674133301 827.425109863 914.609069824
eeg 783.010620117 857.034729004 801.105407715 888.289367676
eeg 784.655639648 909.674133301 880.064453125 914.609069824
eeg 791.235534668 909.674133301 880.064453125 835.650024414
eeg 773.14074707 909.674133301 880.064453125 783.010620117
eeg 778.075683594 962.313476562 959.02355957 888.289367676
eeg 768.205810547 857.034729004 827.425109863 888.289367676
a nan nan nan nan
b nan nan nan nan
d nan nan nan nan
g nan nan nan nan
t nan nan nan nan
h 4.0 4.0 4.0 4.0
c 0.0
Aa 0.0 0.0 0.0 0.0
Ab 0.0 0.0 0.0 0.0
Ad 0.0 0.0 0.0 0.0
Ag 0.0 0.0 0.0 0.0
At 0.0 0.0 0.0 0.0
as 0.0 0.0 0.0 0.0
bs 0.0 0.0 0.0 0.0
ds 0.0 0.0 0.0 0.0
gs 0.0 0.0 0.0 0.0
ts 0.0 0.0 0.0 0.0
eeg 787.945556641 857.034729004 827.425109863 888.289367676
eeg 759.980895996 962.313476562 880.064453125 809.330322266
eeg 781.365661621 962.313476562 906.384155273 756.690979004
eeg 796.170471191 962.313476562 932.703857422 835.650024414
eeg 807.68536377 857.034729004 827.425109863 888.289367676
eeg 789.590576172 804.395385742 774.785766602 861.969726562
eeg 794.525512695 857.034729004 827.425109863 861.969726562
eeg 812.620300293 883.354431152 863.614685059 783.010620117
eeg 792.880554199 870.194580078 860.324707031 730.371276855
eeg 791.235534668 896.514282227 926.123962402 835.650024414
eeg 804.395385742 791.235534668 791.235534668 835.650024414
eeg 810.975280762 758.3359375 764.91583252 835.650024414
eeg 791.235534668 870.194580078 863.614685059 783.010620117
eeg 807.68536377 889.934387207 889.934387207 756.690979004
eeg 812.620300293 896.514282227 919.544006348 835.650024414
eeg 806.040344238 804.395385742 817.555236816 888.289367676
eeg 797.815490723 745.176086426 748.466064453 835.650024414
eeg 812.620300293 850.454833984 840.584960938 835.650024414
eeg 812.620300293 889.934387207 876.774536133 809.330322266
eeg 799.460449219 850.454833984 843.874938965 756.690979004
eeg 802.750427246 883.354431152 906.384155273 888.289367676
eeg 804.395385742 810.975280762 791.235534668 888.289367676
a nan nan nan nan
b nan nan nan nan
d nan nan nan nan
g nan nan nan nan
t nan nan nan nan
h 4.0 4.0 4.0 4.0
c 0.0
Aa 0.0 0.0 0.0 0.0
Ab 0.0 0.0 0.0 0.0
Ad 0.0 0.0 0.0 0.0
Ag 0.0 0.0 0.0 0.0
At 0.0 0.0 0.0 0.0
as 0.0 0.0 0.0 0.0
bs 0.0 0.0 0.0 0.0
ds 0.0 0.0 0.0 0.0
gs 0.0 0.0 0.0 0.0
ts 0.0 0.0 0.0 0.0
eeg 822.49017334 751.75604248 755.045959473 861.969726562
eeg 797.815490723 857.034729004 886.64440918 756.690979004
eeg 802.750427246 857.034729004 912.964111328 756.690979004
eeg 802.750427246 857.034729004 939.283752441 809.330322266
eeg 810.975280762 778.075683594 834.005004883 861.969726562
eeg 786.300598145 725.436340332 781.365661621 809.330322266
eeg 799.460449219 804.395385742 860.324707031 809.330322266
eeg 802.750427246 857.034729004 886.64440918 809.330322266
eeg 779.720703125 830.715087891 860.324707031 756.690979004
eeg 787.945556641 830.715087891 886.64440918 861.969726562
eeg 789.590576172 778.075683594 807.68536377 861.969726562
eeg 815.91027832 725.436340332 781.365661621 809.330322266
eeg 797.815490723 857.034729004 886.64440918 809.330322266
eeg 801.105407715 857.034729004 886.64440918 809.330322266
eeg 796.170471191 857.034729004 886.64440918 861.969726562
eeg 806.040344238 804.395385742 807.68536377 914.609069824
eeg 789.590576172 751.75604248 755.045959473 861.969726562
eeg 804.395385742 830.715087891 860.324707031 848.809875488
eeg 802.750427246 830.715087891 912.964111328 822.49017334
eeg 797.815490723 778.075683594 965.60345459 750.111022949
eeg 801.105407715 778.075683594 965.60345459 868.549621582
eeg 796.170471191 751.75604248 912.964111328 894.86932373
a nan nan nan nan
b nan nan nan nan
d nan nan nan nan
g nan nan nan nan
t nan nan nan nan
h 4.0 4.0 4.0 4.0
c 0.0
Aa 0.0 0.0 0.0 0.0
Ab 0.0 0.0 0.0 0.0
Ad 0.0 0.0 0.0 0.0
Ag 0.0 0.0 0.0 0.0
At 0.0 0.0 0.0 0.0
as 0.0 0.0 0.0 0.0
bs 0.0 0.0 0.0 0.0
ds 0.0 0.0 0.0 0.0
gs 0.0 0.0 0.0 0.0
ts 0.0 0.0 0.0 0.0
eeg 804.395385742 699.116638184 860.324707031 822.49017334
eeg 778.075683594 830.715087891 965.60345459 783.010620117
eeg 802.750427246 830.715087891 965.60345459 756.690979004
eeg 810.975280762 804.395385742 965.60345459 848.809875488
eeg 796.170471191 751.75604248 912.964111328 921.188964844
eeg 771.495788574 725.436340332 860.324707031 829.070068359
eeg 786.300598145 830.715087891 912.964111328 815.91027832
eeg 789.590576172 883.354431152 912.964111328 809.330322266
eeg 779.720703125 830.715087891 860.324707031 763.270874023
eeg 764.91583252 830.715087891 860.324707031 875.129516602
eeg 774.785766602 804.395385742 807.68536377 908.029174805
eeg 799.460449219 699.116638184 702.406616211 802.750427246
eeg 784.655639648 804.395385742 807.68536377 802.750427246
eeg 799.460449219 804.395385742 807.68536377 802.750427246
eeg 779.720703125 804.395385742 807.68536377 881.709472656
eeg 802.750427246 751.75604248 755.045959473 934.348815918
eeg 786.300598145 751.75604248 755.045959473 855.389770508
eeg 814.265258789 804.395385742 807.68536377 829.070068359
eeg 829.070068359 857.034729004 860.324707031 829.070068359
eeg 812.620300293 804.395385742 807.68536377 802.750427246
eeg 802.750427246 804.395385742 807.68536377 881.709472656
eeg 802.750427246 804.395385742 807.68536377 908.029174805
a nan nan nan nan
b nan nan nan nan
d nan nan nan nan
g nan nan nan nan
t nan nan nan nan
h 4.0 4.0 4.0 4.0
c 0.0
Aa 0.0 0.0 0.0 0.0
Ab 0.0 0.0 0.0 0.0
Ad 0.0 0.0 0.0 0.0
Ag 0.0 0.0 0.0 0.0
At 0.0 0.0 0.0 0.0
as 0.0 0.0 0.0 0.0
bs 0.0 0.0 0.0 0.0
ds 0.0 0.0 0.0 0.0
gs 0.0 0.0 0.0 0.0
ts 0.0 0.0 0.0 0.0
eeg 817.555236816 751.75604248 755.045959473 802.750427246
eeg 792.880554199 857.034729004 860.324707031 802.750427246
eeg 814.265258789 857.034729004 860.324707031 802.750427246
eeg 784.655639648 804.395385742 860.324707031 881.709472656
eeg 804.395385742 804.395385742 807.68536377 934.348815918
eeg 774.785766602 804.395385742 755.045959473 825.780151367
eeg 796.170471191 883.354431152 807.68536377 796.170471191
eeg 812.620300293 935.993835449 860.324707031 815.91027832
eeg 791.235534668 857.034729004 807.68536377 789.590576172
eeg 783.010620117 830.715087891 807.68536377 861.969726562
eeg 781.365661621 830.715087891 781.365661621 921.188964844
eeg 799.460449219 778.075683594 728.726318359 792.880554199
eeg 771.495788574 883.354431152 860.324707031 783.010620117
eeg 783.010620117 883.354431152 860.324707031 786.300598145
eeg 779.720703125 804.395385742 834.005004883 868.549621582
eeg 783.010620117 778.075683594 807.68536377 931.058898926
eeg 778.075683594 778.075683594 781.365661621 822.49017334
eeg 799.460449219 857.034729004 860.324707031 786.300598145
eeg 801.105407715 909.674133301 912.964111328 822.49017334
eeg 797.815490723 804.395385742 834.005004883 806.040344238
eeg 779.720703125 804.395385742 834.005004883 868.549621582
eeg 807.68536377 830.715087891 807.68536377 947.508666992
a nan nan nan nan
b nan nan nan nan
d nan nan nan nan
g nan nan nan nan
t nan nan nan nan
h 4.0 4.0 4.0 4.0
c 0.0
Aa 0.0 0.0 0.0 0.0
Ab 0.0 0.0 0.0 0.0
Ad 0.0 0.0 0.0 0.0
Ag 0.0 0.0 0.0 0.0
At 0.0 0.0 0.0 0.0
as 0.0 0.0 0.0 0.0
bs 0.0 0.0 0.0 0.0
ds 0.0 0.0 0.0 0.0
gs 0.0 0.0 0.0 0.0
ts 0.0 0.0 0.0 0.0
eeg 850.454833984 830.715087891 728.726318359 842.229919434
eeg 814.265258789 935.993835449 860.324707031 842.229919434
eeg 809.330322266 962.313476562 860.324707031 842.229919434
eeg 806.040344238 857.034729004 807.68536377 894.86932373
eeg 809.330322266 830.715087891 781.365661621 947.508666992
eeg 768.205810547 830.715087891 781.365661621 842.229919434
eeg 792.880554199 909.674133301 860.324707031 815.91027832
eeg 794.525512695 962.313476562 912.964111328 842.229919434
eeg 784.655639648 857.034729004 834.005004883 842.229919434
eeg 787.945556641 830.715087891 834.005004883 868.549621582
eeg 778.075683594 830.715087891 834.005004883 921.188964844
eeg 804.395385742 804.395385742 781.365661621 789.590576172
eeg 789.590576172 883.354431152 886.64440918 789.590576172
eeg 809.330322266 909.674133301 886.64440918 815.91027832
eeg 784.655639648 778.075683594 807.68536377 868.549621582
eeg 796.170471191 830.715087891 781.365661621 947.508666992
eeg 779.720703125 830.715087891 774.785766602 868.549621582
eeg 791.235534668 883.354431152 860.324707031 815.91027832
eeg 807.68536377 935.993835449 932.703857422 868.549621582
eeg 806.040344238 830.715087891 820.845214844 868.549621582
eeg 804.395385742 830.715087891 801.105407715 894.86932373
eeg 814.265258789 830.715087891 807.68536377 947.508666992
a nan nan nan nan
b nan nan nan nan
d nan nan nan nan
g nan nan nan nan
t nan nan nan nan
h 4.0 4.0 4.0 4.0
c 0.0
Aa 0.0 0.0 0.0 0.0
Ab 0.0 0.0 0.0 0.0
Ad 0.0 0.0 0.0 0.0
Ag 0.0 0.0 0.0 0.0
At 0.0 0.0 0.0 0.0
as 0.0 0.0 0.0 0.0
bs 0.0 0.0 0.0 0.0
ds 0.0 0.0 0.0 0.0
gs 0.0 0.0 0.0 0.0
ts 0.0 0.0 0.0 0.0
eeg 832.360046387 830.715087891 787.945556641 815.91027832
eeg 796.170471191 883.354431152 873.484558105 815.91027832
eeg 801.105407715 935.993835449 912.964111328 868.549621582
eeg 814.265258789 830.715087891 787.945556641 921.188964844
eeg 819.200195312 830.715087891 774.785766602 947.508666992
eeg 814.265258789 830.715087891 774.785766602 842.229919434
eeg 829.070068359 883.354431152 866.904663086 789.590576172
eeg 822.49017334 935.993835449 932.703857422 842.229919434
eeg 819.200195312 830.715087891 827.425109863 842.229919434
eeg 801.105407715 778.075683594 789.590576172 863.614685059
eeg 801.105407715 830.715087891 815.91027832 968.893432617
eeg 824.135131836 857.034729004 815.91027832 916.25402832
eeg 799.460449219 883.354431152 868.549621582 916.25402832
eeg 807.68536377 935.993835449 921.188964844 968.893432617
eeg 814.265258789 804.395385742 789.590576172 968.893432617
eeg 824.135131836 804.395385742 789.590576172 968.893432617
eeg 799.460449219 804.395385742 789.590576172 863.614685059
eeg 832.360046387 857.034729004 868.549621582 810.975280762
eeg 819.200195312 909.674133301 921.188964844 863.614685059
eeg 787.945556641 804.395385742 815.91027832 863.614685059
eeg 789.590576172 778.075683594 789.590576172 863.614685059
eeg 786.300598145 830.715087891 815.91027832 916.25402832
a nan nan nan nan
b nan nan nan nan
d nan nan nan nan
g nan nan nan nan
t nan nan nan nan
h 4.0 4.0 4.0 4.0
c 0.0
Aa 0.0 0.0 0.0 0.0
Ab 0.0 0.0 0.0 0.0
Ad 0.0 0.0 0.0 0.0
Ag 0.0 0.0 0.0 0.0
At 0.0 0.0 0.0 0.0
as 0.0 0.0 0.0 0.0
bs 0.0 0.0 0.0 0.0
ds 0.0 0.0 0.0 0.0
gs 0.0 0.0 0.0 0.0
ts 0.0 0.0 0.0 0.0
eeg 794.525512695 830.715087891 815.91027832 810.975280762
eeg 787.945556641 857.034729004 868.549621582 810.975280762
eeg 796.170471191 909.674133301 921.188964844 863.614685059
eeg 789.590576172 778.075683594 789.590576172 863.614685059
eeg 806.040344238 804.395385742 815.91027832 916.25402832
eeg 783.010620117 857.034729004 842.229919434 863.614685059
eeg 786.300598145 935.993835449 921.188964844 810.975280762
eeg 812.620300293 988.633178711 973.828369141 863.614685059
eeg 809.330322266 883.354431152 868.549621582 863.614685059
eeg 789.590576172 830.715087891 842.229919434 863.614685059
eeg 797.815490723 883.354431152 868.549621582 916.25402832
eeg 810.975280762 883.354431152 868.549621582 810.975280762
eeg 791.235534668 883.354431152 894.86932373 810.975280762
eeg 786.300598145 935.993835449 947.508666992 916.25402832
eeg 791.235534668 804.395385742 815.91027832 916.25402832
eeg 796.170471191 804.395385742 815.91027832 916.25402832
eeg 771.495788574 857.034729004 842.229919434 863.614685059
eeg 796.170471191 909.674133301 894.86932373 810.975280762
eeg 799.460449219 935.993835449 921.188964844 863.614685059
eeg 806.040344238 830.715087891 815.91027832 863.614685059
eeg 794.525512695 830.715087891 789.590576172 889.934387207
eeg 801.105407715 935.993835449 868.549621582 916.25402832
a nan nan nan nan
b nan nan nan nan
d nan nan nan nan
g nan nan nan nan
t nan nan nan nan
h 4.0 4.0 4.0 4.0
c 0.0
Aa 0.0 0.0 0.0 0.0
Ab 0.0 0.0 0.0 0.0
Ad 0.0 0.0 0.0 0.0
Ag 0.0 0.0 0.0 0.0
At 0.0 0.0 0.0 0.0
as 0.0 0.0 0.0 0.0
bs 0.0 0.0 0.0 0.0
ds 0.0 0.0 0.0 0.0
gs 0.0 0.0 0.0 0.0
ts 0.0 0.0 0.0 0.0
eeg 812.620300293 935.993835449 894.86932373 837.29498291
eeg 797.815490723 935.993835449 894.86932373 810.975280762
eeg 802.750427246 988.633178711 973.828369141 916.25402832
eeg 810.975280762 883.354431152 815.91027832 916.25402832
eeg 822.49017334 883.354431152 815.91027832 916.25402832
eeg 799.460449219 935.993835449 868.549621582 837.29498291
eeg 812.620300293 935.993835449 921.188964844 784.655639648
eeg 796.170471191 935.993835449 947.508666992 863.614685059
eeg 807.68536377 883.354431152 842.229919434 889.934387207
eeg 794.525512695 830.715087891 789.590576172 863.614685059
eeg 796.170471191 883.354431152 842.229919434 889.934387207
eeg 809.330322266 883.354431152 868.549621582 810.975280762
eeg 783.010620117 883.354431152 868.549621582 758.3359375
eeg 784.655639648 935.993835449 947.508666992 863.614685059
eeg 783.010620117 810.975280762 842.229919434 889.934387207
eeg 799.460449219 779.720703125 868.549621582 889.934387207
eeg 773.14074707 883.354431152 947.508666992 810.975280762
eeg 783.010620117 906.384155273 973.828369141 758.3359375
eeg 787.945556641 926.123962402 1000.14807129 837.29498291
eeg 794.525512695 822.49017334 894.86932373 863.614685059
eeg 787.945556641 753.401000977 842.229919434 837.29498291
eeg 796.170471191 850.454833984 894.86932373 837.29498291
a nan nan nan nan
b nan nan nan nan
d nan nan nan nan
g nan nan nan nan
t nan nan nan nan
h 4.0 4.0 4.0 4.0
c 0.0
Aa 0.0 0.0 0.0 0.0
Ab 0.0 0.0 0.0 0.0
Ad 0.0 0.0 0.0 0.0
Ag 0.0 0.0 0.0 0.0
At 0.0 0.0 0.0 0.0
as 0.0 0.0 0.0 0.0
bs 0.0 0.0 0.0 0.0
ds 0.0 0.0 0.0 0.0
gs 0.0 0.0 0.0 0.0
ts 0.0 0.0 0.0 0.0
eeg 796.170471191 883.354431152 921.188964844 784.655639648
eeg 781.365661621 865.259643555 921.188964844 732.016235352
eeg 789.590576172 903.094238281 973.828369141 837.29498291
eeg 802.750427246 794.525512695 842.229919434 837.29498291
eeg 832.360046387 759.980895996 815.91027832 837.29498291
eeg 801.105407715 875.129516602 894.86932373 784.655639648
eeg 827.425109863 896.514282227 921.188964844 758.3359375
eeg 810.975280762 908.029174805 921.188964844 837.29498291
eeg 812.620300293 802.750427246 815.91027832 863.614685059
eeg 791.235534668 750.111022949 736.951171875 810.975280762
eeg 802.750427246 855.389770508 789.590576172 810.975280762
eeg 820.845214844 855.389770508 815.91027832 758.3359375
eeg 802.750427246 855.389770508 815.91027832 705.696594238
eeg 801.105407715 855.389770508 868.549621582 837.29498291
eeg 796.170471191 802.750427246 763.270874023 837.29498291
eeg 815.91027832 750.111022949 763.270874023 810.975280762
eeg 779.720703125 855.389770508 868.549621582 758.3359375
eeg 794.525512695 855.389770508 894.86932373 732.016235352
eeg 786.300598145 855.389770508 894.86932373 810.975280762
eeg 794.525512695 802.750427246 815.91027832 863.614685059
eeg 789.590576172 750.111022949 763.270874023 810.975280762
eeg 802.750427246 802.750427246 842.229919434 810.975280762
a nan nan nan nan
b nan nan nan nan
d nan nan nan nan
g nan nan nan nan
t nan nan nan nan
h 4.0 4.0 4.0 4.0
c 0.0
Aa 0.0 0.0 0.0 0.0
Ab 0.0 0.0 0.0 0.0
Ad 0.0 0.0 0.0 0.0
Ag 0.0 0.0 0.0 0.0
At 0.0 0.0 0.0 0.0
as 0.0 0.0 0.0 0.0
bs 0.0 0.0 0.0 0.0
ds 0.0 0.0 0.0 0.0
gs 0.0 0.0 0.0 0.0
ts 0.0 0.0 0.0 0.0
eeg 796.170471191 855.389770508 868.549621582 784.655639648
eeg 784.655639648 855.389770508 842.229919434 732.016235352
eeg 794.525512695 855.389770508 894.86932373 837.29498291
eeg 799.460449219 802.750427246 815.91027832 837.29498291
eeg 820.845214844 750.111022949 789.590576172 810.975280762
eeg 783.010620117 881.709472656 894.86932373 758.3359375
eeg 796.170471191 881.709472656 894.86932373 732.016235352
eeg 812.620300293 881.709472656 894.86932373 810.975280762
eeg 807.68536377 802.750427246 815.91027832 863.614685059
eeg 786.300598145 750.111022949 763.270874023 810.975280762
eeg 794.525512695 855.389770508 842.229919434 810.975280762
eeg 804.395385742 908.029174805 868.549621582 784.655639648
eeg 792.880554199 881.709472656 842.229919434 732.016235352
eeg 791.235534668 881.709472656 868.549621582 837.29498291
eeg 792.880554199 829.070068359 815.91027832 863.614685059
eeg 807.68536377 776.430725098 763.270874023 810.975280762
eeg 781.365661621 908.029174805 868.549621582 784.655639648
eeg 789.590576172 908.029174805 894.86932373 758.3359375
eeg 801.105407715 855.389770508 868.549621582 758.3359375
eeg 801.105407715 776.430725098 815.91027832 810.975280762
eeg 779.720703125 723.791320801 763.270874023 758.3359375
eeg 792.880554199 829.070068359 842.229919434 758.3359375
a nan nan nan nan
b nan nan nan nan
d nan nan nan nan
g nan nan nan nan
t nan nan nan nan
h 4.0 4.0 4.0 4.0
c 0.0
Aa 0.0 0.0 0.0 0.0
Ab 0.0 0.0 0.0 0.0
Ad 0.0 0.0 0.0 0.0
Ag 0.0 0.0 0.0 0.0
At 0.0 0.0 0.0 0.0
as 0.0 0.0 0.0 0.0
bs 0.0 0.0 0.0 0.0
ds 0.0 0.0 0.0 0.0
gs 0.0 0.0 0.0 0.0
ts 0.0 0.0 0.0 0.0
eeg 799.460449219 881.709472656 894.86932373 758.3359375
eeg 783.010620117 829.070068359 868.549621582 705.696594238
eeg 776.430725098 829.070068359 868.549621582 810.975280762
eeg 779.720703125 802.750427246 815.91027832 810.975280762
eeg 797.815490723 750.111022949 789.590576172 758.3359375
eeg 779.720703125 881.709472656 894.86932373 758.3359375
eeg 806.040344238 881.709472656 921.188964844 758.3359375
eeg 791.235534668 855.389770508 894.86932373 810.975280762
eeg 810.975280762 802.750427246 815.91027832 863.614685059
eeg 792.880554199 776.430725098 789.590576172 810.975280762
eeg 802.750427246 855.389770508 868.549621582 810.975280762
eeg 817.555236816 934.348815918 921.188964844 810.975280762
eeg 812.620300293 829.070068359 815.91027832 784.655639648
eeg 807.68536377 829.070068359 763.270874023 863.614685059
eeg 810.975280762 829.070068359 710.631530762 889.934387207
eeg 829.070068359 776.430725098 657.992126465 784.655639648
eeg 817.555236816 881.709472656 763.270874023 784.655639648
eeg 817.555236816 881.709472656 763.270874023 784.655639648
eeg 835.650024414 829.070068359 763.270874023 863.614685059
eeg 858.679748535 776.430725098 710.631530762 916.25402832
eeg 791.235534668 776.430725098 710.631530762 810.975280762
eeg 796.170471191 829.070068359 815.91027832 784.655639648
a nan nan nan nan
b nan nan nan nan
d nan nan nan nan
g nan nan nan nan
t nan nan nan nan
h 4.0 4.0 4.0 4.0
c 0.0
Aa 0.0 0.0 0.0 0.0
Ab 0.0 0.0 0.0 0.0
Ad 0.0 0.0 0.0 0.0
Ag 0.0 0.0 0.0 0.0
At 0.0 0.0 0.0 0.0
as 0.0 0.0 0.0 0.0
bs 0.0 0.0 0.0 0.0
ds 0.0 0.0 0.0 0.0
gs 0.0 0.0 0.0 0.0
ts 0.0 0.0 0.0 0.0
eeg 776.430725098 881.709472656 868.549621582 784.655639648
eeg 761.625915527 829.070068359 815.91027832 784.655639648
eeg 761.625915527 829.070068359 815.91027832 863.614685059
eeg 748.466064453 829.070068359 815.91027832 889.934387207
eeg 763.270874023 776.430725098 763.270874023 784.655639648
eeg 733.661254883 881.709472656 868.549621582 784.655639648
eeg 751.75604248 903.094238281 901.44921875 781.365661621
eeg 746.821105957 797.815490723 822.49017334 886.64440918
eeg 761.625915527 771.495788574 769.850830078 939.283752441
eeg 751.75604248 771.495788574 743.53112793 834.005004883
eeg 776.430725098 850.454833984 822.49017334 834.005004883
eeg 774.785766602 903.094238281 875.129516602 834.005004883
eeg 758.3359375 824.135131836 822.49017334 834.005004883
eeg 768.205810547 797.815490723 822.49017334 886.64440918
eeg 781.365661621 797.815490723 796.170471191 939.283752441
eeg 802.750427246 771.495788574 743.53112793 834.005004883
eeg 783.010620117 876.774536133 875.129516602 834.005004883
eeg 789.590576172 876.774536133 875.129516602 834.005004883
eeg 786.300598145 797.815490723 822.49017334 886.64440918
eeg 796.170471191 797.815490723 796.170471191 939.283752441
eeg 764.91583252 797.815490723 796.170471191 834.005004883
eeg 779.720703125 876.774536133 875.129516602 834.005004883
a nan nan nan nan
b nan nan nan nan
d nan nan nan nan
g nan nan nan nan
t nan nan nan nan
h 4.0 4.0 4.0 4.0
c 0.0
Aa 0.0 0.0 0.0 0.0
Ab 0.0 0.0 0.0 0.0
Ad 0.0 0.0 0.0 0.0
Ag 0.0 0.0 0.0 0.0
At 0.0 0.0 0.0 0.0
as 0.0 0.0 0.0 0.0
bs 0.0 0.0 0.0 0.0
ds 0.0 0.0 0.0 0.0
gs 0.0 0.0 0.0 0.0
ts 0.0 0.0 0.0 0.0
eeg 784.655639648 929.413879395 927.768920898 834.005004883
eeg 778.075683594 824.135131836 835.650024414 860.324707031
eeg 774.785766602 801.105407715 809.330322266 886.64440918
eeg 779.720703125 810.975280762 796.170471191 939.283752441
eeg 801.105407715 784.655639648 756.690979004 807.68536377
eeg 764.91583252 870.194580078 861.969726562 807.68536377
eeg 776.430725098 922.833984375 901.44921875 834.005004883
eeg 768.205810547 794.525512695 809.330322266 886.64440918
eeg 778.075683594 778.075683594 776.430725098 939.283752441
eeg 776.430725098 778.075683594 763.270874023 834.005004883
eeg 786.300598145 870.194580078 848.809875488 807.68536377
eeg 791.235534668 935.993835449 921.188964844 834.005004883
eeg 787.945556641 827.425109863 815.91027832 834.005004883
eeg 778.075683594 791.235534668 802.750427246 860.324707031
eeg 783.010620117 814.265258789 802.750427246 912.964111328
eeg 804.395385742 801.105407715 776.430725098 781.365661621
eeg 779.720703125 870.194580078 875.129516602 781.365661621
eeg 783.010620117 949.153686523 908.029174805 834.005004883
eeg 789.590576172 817.555236816 794.525512695 912.964111328
eeg 786.300598145 817.555236816 776.430725098 965.60345459
eeg 773.14074707 817.555236816 773.14074707 886.64440918
eeg 784.655639648 896.514282227 853.744812012 834.005004883
a nan nan nan nan
b nan nan nan nan
d nan nan nan nan
g nan nan nan nan
t nan nan nan nan
h 4.0 4.0 4.0 4.0
c 0.0
Aa 0.0 0.0 0.0 0.0
Ab 0.0 0.0 0.0 0.0
Ad 0.0 0.0 0.0 0.0
Ag 0.0 0.0 0.0 0.0
At 0.0 0.0 0.0 0.0
as 0.0 0.0 0.0 0.0
bs 0.0 0.0 0.0 0.0
ds 0.0 0.0 0.0 0.0
gs 0.0 0.0 0.0 0.0
ts 0.0 0.0 0.0 0.0
eeg 794.525512695 949.153686523 934.348815918 886.64440918
eeg 810.975280762 843.874938965 824.135131836 886.64440918
eeg 812.620300293 817.555236816 794.525512695 886.64440918
eeg 801.105407715 843.874938965 812.620300293 939.283752441
eeg 814.265258789 843.874938965 789.590576172 807.68536377
eeg 791.235534668 896.514282227 866.904663086 807.68536377
eeg 783.010620117 949.153686523 922.833984375 860.324707031
eeg 797.815490723 817.555236816 787.945556641 886.64440918
eeg 809.330322266 817.555236816 773.14074707 912.964111328
eeg 768.205810547 817.555236816 781.365661621 807.68536377
eeg 789.590576172 870.194580078 875.129516602 755.045959473
