eeg 781.365661621 829.070068359 843.874938965 894.86932373
eeg 792.880554199 855.389770508 843.874938965 947.508666992
eeg 791.235534668 855.389770508 843.874938965 868.549621582
eeg 786.300598145 908.029174805 922.833984375 868.549621582
eeg 792.880554199 960.668518066 975.473327637 921.188964844
eeg 787.945556641 855.389770508 870.194580078 921.188964844
eeg 796.170471191 829.070068359 843.874938965 921.188964844
eeg 783.010620117 855.389770508 843.874938965 973.828369141
eeg 783.010620117 855.389770508 843.874938965 842.229919434
eeg 776.430725098 881.709472656 896.514282227 842.229919434
eeg 779.720703125 934.348815918 949.153686523 894.86932373
eeg 774.785766602 802.750427246 817.555236816 921.188964844
eeg 778.075683594 802.750427246 817.555236816 947.508666992
eeg 766.560852051 829.070068359 817.555236816 842.229919434
eeg 769.850830078 881.709472656 870.194580078 789.590576172
eeg 781.365661621 934.348815918 922.833984375 842.229919434
eeg 784.655639648 881.709472656 817.555236816 858.679748535
eeg 784.655639648 881.709472656 791.235534668 855.389770508
eeg 776.430725098 934.348815918 817.555236816 931.058898926
eeg 791.235534668 986.988220215 817.555236816 792.880554199
a nan nan nan nan
b nan nan nan nan
d nan nan nan nan
g nan nan nan nan
t nan nan nan nan
h 4.0 4.0 4.0 4.0
c 0.0
Aa 0.0 0.0 0.0 0.0
Ab 0.0 0.0 0.0 0.0
Ad 0.0 0.0 0.0 0.0
Ag 0.0 0.0 0.0 0.0
At 0.0 0.0 0.0 0.0
as 0.0 0.0 0.0 0.0
bs 0.0 0.0 0.0 0.0
ds 0.0 0.0 0.0 0.0
gs 0.0 0.0 0.0 0.0
ts 0.0 0.0 0.0 0.0
eeg 784.655639648 986.988220215 870.194580078 769.850830078
eeg 787.945556641 1039.62756348 922.833984375 855.389770508
eeg 784.655639648 881.709472656 791.235534668 884.999450684
eeg 804.395385742 881.709472656 791.235534668 921.188964844
eeg 787.945556641 934.348815918 817.555236816 822.49017334
eeg 786.300598145 986.988220215 870.194580078 756.690979004
eeg 789.590576172 986.988220215 922.833984375 835.650024414
eeg 792.880554199 881.709472656 817.555236816 868.549621582
eeg 771.495788574 829.070068359 791.235534668 858.679748535
eeg 768.205810547 881.709472656 817.555236816 921.188964844
eeg 781.365661621 881.709472656 817.555236816 796.170471191
eeg 773.14074707 881.709472656 843.874938965 769.850830078
eeg 764.91583252 934.348815918 896.514282227 875.129516602
eeg 761.625915527 881.709472656 843.874938965 901.44921875
eeg 758.3359375 829.070068359 791.235534668 875.129516602
eeg 761.625915527 881.709472656 843.874938965 901.44921875
eeg 784.655639648 881.709472656 843.874938965 822.49017334
eeg 766.560852051 881.709472656 843.874938965 796.170471191
eeg 764.91583252 934.348815918 896.514282227 901.44921875
eeg 764.91583252 829.070068359 791.235534668 901.44921875
eeg 771.495788574 829.070068359 791.235534668 901.44921875
eeg 769.850830078 934.348815918 843.874938965 822.49017334
a nan nan nan nan
b nan nan nan nan
d nan nan nan nan
g nan nan nan nan
t nan nan nan nan
h 4.0 4.0 4.0 4.0
c 0.0
Aa 0.0 0.0 0.0 0.0
Ab 0.0 0.0 0.0 0.0
Ad 0.0 0.0 0.0 0.0
Ag 0.0 0.0 0.0 0.0
At 0.0 0.0 0.0 0.0
as 0.0 0.0 0.0 0.0
bs 0.0 0.0 0.0 0.0
ds 0.0 0.0 0.0 0.0
gs 0.0 0.0 0.0 0.0
ts 0.0 0.0 0.0 0.0
eeg 750.111022949 934.348815918 843.874938965 769.850830078
eeg 756.690979004 934.348815918 843.874938965 848.809875488
eeg 771.495788574 881.709472656 791.235534668 875.129516602
eeg 763.270874023 829.070068359 738.596191406 848.809875488
eeg 769.850830078 881.709472656 791.235534668 875.129516602
eeg 783.010620117 881.709472656 791.235534668 822.49017334
eeg 769.850830078 881.709472656 843.874938965 769.850830078
eeg 778.075683594 908.029174805 896.514282227 875.129516602
eeg 769.850830078 829.070068359 791.235534668 875.129516602
eeg 783.010620117 802.750427246 791.235534668 875.129516602
eeg 769.850830078 908.029174805 843.874938965 796.170471191
eeg 763.270874023 908.029174805 843.874938965 769.850830078
eeg 750.111022949 908.029174805 843.874938965 848.809875488
eeg 761.625915527 829.070068359 791.235534668 901.44921875
eeg 759.980895996 776.430725098 738.596191406 848.809875488
eeg 756.690979004 855.389770508 791.235534668 848.809875488
eeg 761.625915527 881.709472656 791.235534668 796.170471191
eeg 759.980895996 855.389770508 791.235534668 769.850830078
eeg 769.850830078 881.709472656 843.874938965 875.129516602
eeg 756.690979004 802.750427246 738.596191406 875.129516602
eeg 766.560852051 750.111022949 738.596191406 875.129516602
eeg 758.3359375 881.709472656 843.874938965 822.49017334
a nan nan nan nan
b nan nan nan nan
d nan nan nan nan
g nan nan nan nan
t nan nan nan nan
h 4.0 4.0 4.0 4.0
c 0.0
Aa 0.0 0.0 0.0 0.0
Ab 0.0 0.0 0.0 0.0
Ad 0.0 0.0 0.0 0.0
Ag 0.0 0.0 0.0 0.0
At 0.0 0.0 0.0 0.0
as 0.0 0.0 0.0 0.0
bs 0.0 0.0 0.0 0.0
ds 0.0 0.0 0.0 0.0
gs 0.0 0.0 0.0 0.0
ts 0.0 0.0 0.0 0.0
eeg 756.690979004 829.070068359 896.514282227 796.170471191
eeg 758.3359375 829.070068359 896.514282227 875.129516602
eeg 773.14074707 776.430725098 791.235534668 927.768920898
eeg 756.690979004 723.791320801 738.596191406 875.129516602
eeg 753.401000977 776.430725098 817.555236816 875.129516602
eeg 766.560852051 829.070068359 843.874938965 848.809875488
eeg 751.75604248 829.070068359 817.555236816 796.170471191
eeg 755.045959473 829.070068359 843.874938965 927.768920898
eeg 748.466064453 776.430725098 764.91583252 927.768920898
eeg 758.3359375 723.791320801 738.596191406 901.44921875
eeg 753.401000977 829.070068359 843.874938965 848.809875488
eeg 750.111022949 829.070068359 843.874938965 822.49017334
eeg 759.980895996 829.070068359 843.874938965 901.44921875
eeg 758.3359375 776.430725098 764.91583252 954.088623047
eeg 741.886108398 776.430725098 712.276489258 875.129516602
eeg 741.886108398 829.070068359 791.235534668 875.129516602
eeg 774.785766602 909.674133301 893.224304199 804.395385742
eeg 781.365661621 804.395385742 893.224304199 699.116638184
eeg 753.401000977 804.395385742 893.224304199 804.395385742
eeg 755.045959473 751.75604248 840.584960938 804.395385742
eeg 769.850830078 699.116638184 787.945556641 751.75604248
eeg 756.690979004 804.395385742 893.224304199 751.75604248
a nan nan nan nan
b nan nan nan nan
d nan nan nan nan
g nan nan nan nan
t nan nan nan nan
h 4.0 4.0 4.0 4.0
c 0.0
Aa 0.0 0.0 0.0 0.0
Ab 0.0 0.0 0.0 0.0
Ad 0.0 0.0 0.0 0.0
Ag 0.0 0.0 0.0 0.0
At 0.0 0.0 0.0 0.0
as 0.0 0.0 0.0 0.0
bs 0.0 0.0 0.0 0.0
ds 0.0 0.0 0.0 0.0
gs 0.0 0.0 0.0 0.0
ts 0.0 0.0 0.0 0.0
eeg 773.14074707 804.395385742 893.224304199 751.75604248
eeg 768.205810547 804.395385742 893.224304199 804.395385742
eeg 781.365661621 751.75604248 840.584960938 857.034729004
eeg 776.430725098 751.75604248 787.945556641 804.395385742
eeg 781.365661621 804.395385742 840.584960938 804.395385742
eeg 781.365661621 857.034729004 893.224304199 804.395385742
eeg 769.850830078 804.395385742 893.224304199 751.75604248
eeg 787.945556641 804.395385742 893.224304199 857.034729004
eeg 766.560852051 804.395385742 840.584960938 857.034729004
eeg 779.720703125 751.75604248 787.945556641 804.395385742
eeg 766.560852051 857.034729004 893.224304199 804.395385742
eeg 763.270874023 857.034729004 866.904663086 751.75604248
eeg 771.495788574 830.715087891 866.904663086 804.395385742
eeg 769.850830078 778.075683594 814.265258789 857.034729004
eeg 748.466064453 751.75604248 761.625915527 778.075683594
eeg 746.821105957 830.715087891 840.584960938 778.075683594
eeg 755.045959473 883.354431152 893.224304199 778.075683594
eeg 763.270874023 804.395385742 840.584960938 751.75604248
eeg 756.690979004 804.395385742 840.584960938 857.034729004
eeg 755.045959473 778.075683594 787.945556641 883.354431152
eeg 774.785766602 725.436340332 735.306213379 778.075683594
eeg 763.270874023 857.034729004 866.904663086 778.075683594
a nan nan nan nan
b nan nan nan nan
d nan nan nan nan
g nan nan nan nan
t nan nan nan nan
h 4.0 4.0 4.0 4.0
c 0.0
Aa 0.0 0.0 0.0 0.0
Ab 0.0 0.0 0.0 0.0
Ad 0.0 0.0 0.0 0.0
Ag 0.0 0.0 0.0 0.0
At 0.0 0.0 0.0 0.0
as 0.0 0.0 0.0 0.0
bs 0.0 0.0 0.0 0.0
ds 0.0 0.0 0.0 0.0
gs 0.0 0.0 0.0 0.0
ts 0.0 0.0 0.0 0.0
eeg 771.495788574 883.354431152 866.904663086 778.075683594
eeg 761.625915527 830.715087891 840.584960938 857.034729004
eeg 776.430725098 778.075683594 787.945556641 909.674133301
eeg 771.495788574 778.075683594 761.625915527 830.715087891
eeg 763.270874023 857.034729004 840.584960938 804.395385742
eeg 778.075683594 929.413879395 866.904663086 778.075683594
eeg 771.495788574 843.874938965 814.265258789 751.75604248
eeg 764.91583252 824.135131836 814.265258789 830.715087891
eeg 764.91583252 817.555236816 787.945556641 883.354431152
eeg 774.785766602 764.91583252 735.306213379 778.075683594
eeg 774.785766602 883.354431152 866.904663086 778.075683594
eeg 792.880554199 896.514282227 866.904663086 778.075683594
eeg 784.655639648 817.555236816 840.584960938 857.034729004
eeg 787.945556641 791.235534668 787.945556641 909.674133301
eeg 779.720703125 771.495788574 761.625915527 830.715087891
eeg 774.785766602 857.034729004 840.584960938 804.395385742
eeg 781.365661621 929.413879395 893.224304199 804.395385742
eeg 781.365661621 824.135131836 814.265258789 804.395385742
eeg 776.430725098 810.975280762 814.265258789 857.034729004
eeg 761.625915527 810.975280762 787.945556641 909.674133301
eeg 773.14074707 771.495788574 735.306213379 778.075683594
eeg 756.690979004 824.135131836 840.584960938 804.395385742
a nan nan nan nan
b nan nan nan nan
d nan nan nan nan
g nan nan nan nan
t nan nan nan nan
h 4.0 4.0 4.0 4.0
c 0.0
Aa 0.0 0.0 0.0 0.0
Ab 0.0 0.0 0.0 0.0
Ad 0.0 0.0 0.0 0.0
Ag 0.0 0.0 0.0 0.0
At 0.0 0.0 0.0 0.0
as 0.0 0.0 0.0 0.0
bs 0.0 0.0 0.0 0.0
ds 0.0 0.0 0.0 0.0
gs 0.0 0.0 0.0 0.0
ts 0.0 0.0 0.0 0.0
eeg 768.205810547 824.135131836 840.584960938 830.715087891
eeg 764.91583252 718.856384277 787.945556641 909.674133301
eeg 774.785766602 718.856384277 735.306213379 962.313476562
eeg 761.625915527 718.856384277 735.306213379 857.034729004
eeg 759.980895996 797.815490723 814.265258789 830.715087891
eeg 773.14074707 876.774536133 866.904663086 857.034729004
eeg 781.365661621 771.495788574 787.945556641 857.034729004
eeg 774.785766602 771.495788574 787.945556641 909.674133301
eeg 771.495788574 771.495788574 787.945556641 962.313476562
eeg 797.815490723 771.495788574 761.625915527 830.715087891
eeg 791.235534668 850.454833984 866.904663086 830.715087891
eeg 806.040344238 903.094238281 866.904663086 830.715087891
eeg 802.750427246 771.495788574 787.945556641 883.354431152
eeg 794.525512695 771.495788574 761.625915527 935.993835449
eeg 789.590576172 771.495788574 761.625915527 830.715087891
eeg 792.880554199 876.774536133 814.265258789 830.715087891
eeg 802.750427246 929.413879395 866.904663086 883.354431152
eeg 809.330322266 824.135131836 787.945556641 909.674133301
eeg 796.170471191 824.135131836 787.945556641 935.993835449
eeg 784.655639648 824.135131836 787.945556641 988.633178711
eeg 802.750427246 824.135131836 761.625915527 857.034729004
eeg 786.300598145 876.774536133 866.904663086 857.034729004
a nan nan nan nan
b nan nan nan nan
d nan nan nan nan
g nan nan nan nan
t nan nan nan nan
h 4.0 4.0 4.0 4.0
c 0.0
Aa 0.0 0.0 0.0 0.0
Ab 0.0 0.0 0.0 0.0
Ad 0.0 0.0 0.0 0.0
Ag 0.0 0.0 0.0 0.0
At 0.0 0.0 0.0 0.0
as 0.0 0.0 0.0 0.0
bs 0.0 0.0 0.0 0.0
ds 0.0 0.0 0.0 0.0
gs 0.0 0.0 0.0 0.0
ts 0.0 0.0 0.0 0.0
eeg 794.525512695 929.413879395 893.224304199 883.354431152
eeg 792.880554199 824.135131836 787.945556641 935.993835449
eeg 787.945556641 824.135131836 787.945556641 988.633178711
eeg 787.945556641 824.135131836 787.945556641 883.354431152
eeg 776.430725098 876.774536133 840.584960938 857.034729004
eeg 776.430725098 929.413879395 919.544006348 883.354431152
eeg 779.720703125 824.135131836 840.584960938 883.354431152
eeg 761.625915527 824.135131836 814.265258789 883.354431152
eeg 759.980895996 824.135131836 814.265258789 935.993835449
eeg 781.365661621 850.454833984 814.265258789 830.715087891
eeg 769.850830078 876.774536133 893.224304199 857.034729004
eeg 776.430725098 929.413879395 945.863708496 909.674133301
eeg 783.010620117 797.815490723 840.584960938 935.993835449
eeg 779.720703125 797.815490723 840.584960938 962.313476562
eeg 753.401000977 797.815490723 840.584960938 857.034729004
eeg 759.980895996 850.454833984 919.544006348 830.715087891
eeg 755.045959473 903.094238281 972.183410645 883.354431152
eeg 774.785766602 797.815490723 840.584960938 883.354431152
eeg 766.560852051 771.495788574 840.584960938 883.354431152
eeg 768.205810547 797.815490723 840.584960938 935.993835449
eeg 786.300598145 797.815490723 840.584960938 804.395385742
eeg 774.785766602 824.135131836 893.224304199 804.395385742
a nan nan nan nan
b nan nan nan nan
d nan nan nan nan
g nan nan nan nan
t nan nan nan nan
h 4.0 4.0 4.0 4.0
c 0.0
Aa 0.0 0.0 0.0 0.0
Ab 0.0 0.0 0.0 0.0
Ad 0.0 0.0 0.0 0.0
Ag 0.0 0.0 0.0 0.0
At 0.0 0.0 0.0 0.0
as 0.0 0.0 0.0 0.0
bs 0.0 0.0 0.0 0.0
ds 0.0 0.0 0.0 0.0
gs 0.0 0.0 0.0 0.0
ts 0.0 0.0 0.0 0.0
eeg 787.945556641 903.094238281 919.544006348 857.034729004
eeg 774.785766602 771.495788574 787.945556641 883.354431152
eeg 786.300598145 771.495788574 787.945556641 909.674133301
eeg 786.300598145 824.135131836 787.945556641 857.034729004
eeg 781.365661621 929.413879395 866.904663086 857.034729004
eeg 789.590576172 982.053283691 919.544006348 909.674133301
eeg 796.170471191 929.413879395 814.265258789 909.674133301
eeg 774.785766602 876.774536133 787.945556641 909.674133301
eeg 761.625915527 929.413879395 814.265258789 962.313476562
eeg 766.560852051 929.413879395 814.265258789 857.034729004
eeg 768.205810547 929.413879395 840.584960938 857.034729004
eeg 783.010620117 982.053283691 893.224304199 909.674133301
eeg 758.3359375 824.135131836 761.625915527 909.674133301
eeg 768.205810547 824.135131836 761.625915527 909.674133301
eeg 769.850830078 876.774536133 787.945556641 857.034729004
eeg 773.14074707 929.413879395 840.584960938 804.395385742
eeg 771.495788574 929.413879395 893.224304199 857.034729004
eeg 764.91583252 824.135131836 787.945556641 857.034729004
eeg 768.205810547 771.495788574 761.625915527 857.034729004
eeg 758.3359375 876.774536133 814.265258789 935.993835449
eeg 764.91583252 876.774536133 840.584960938 830.715087891
eeg 761.625915527 876.774536133 893.224304199 804.395385742
a nan nan nan nan
b nan nan nan nan
d nan nan nan nan
g nan nan nan nan
t nan nan nan nan
h 4.0 4.0 4.0 4.0
c 0.0
Aa 0.0 0.0 0.0 0.0
Ab 0.0 0.0 0.0 0.0
Ad 0.0 0.0 0.0 0.0
Ag 0.0 0.0 0.0 0.0
At 0.0 0.0 0.0 0.0
as 0.0 0.0 0.0 0.0
bs 0.0 0.0 0.0 0.0
ds 0.0 0.0 0.0 0.0
gs 0.0 0.0 0.0 0.0
ts 0.0 0.0 0.0 0.0
eeg 774.785766602 929.413879395 972.183410645 909.674133301
eeg 764.91583252 824.135131836 840.584960938 909.674133301
eeg 776.430725098 824.135131836 814.265258789 909.674133301
eeg 769.850830078 876.774536133 866.904663086 830.715087891
eeg 763.270874023 876.774536133 919.544006348 778.075683594
eeg 771.495788574 876.774536133 945.863708496 857.034729004
eeg 769.850830078 824.135131836 866.904663086 883.354431152
eeg 764.91583252 771.495788574 814.265258789 857.034729004
eeg 776.430725098 824.135131836 866.904663086 883.354431152
eeg 781.365661621 824.135131836 866.904663086 804.395385742
eeg 769.850830078 824.135131836 866.904663086 778.075683594
eeg 783.010620117 876.774536133 919.544006348 883.354431152
eeg 768.205810547 771.495788574 761.625915527 883.354431152
eeg 787.945556641 768.205810547 783.010620117 899.804260254
eeg 774.785766602 847.164855957 835.650024414 820.845214844
eeg 776.430725098 873.484558105 940.928771973 768.205810547
eeg 771.495788574 899.804260254 993.568115234 847.164855957
eeg 758.3359375 820.845214844 888.289367676 873.484558105
eeg 750.111022949 768.205810547 835.650024414 847.164855957
eeg 743.53112793 847.164855957 888.289367676 873.484558105
eeg 758.3359375 873.484558105 888.289367676 794.525512695
eeg 758.3359375 873.484558105 888.289367676 768.205810547
a nan nan nan nan
b nan nan nan nan
d nan nan nan nan
g nan nan nan nan
t nan nan nan nan
h 4.0 4.0 4.0 4.0
c 0.0
Aa 0.0 0.0 0.0 0.0
Ab 0.0 0.0 0.0 0.0
Ad 0.0 0.0 0.0 0.0
Ag 0.0 0.0 0.0 0.0
At 0.0 0.0 0.0 0.0
as 0.0 0.0 0.0 0.0
bs 0.0 0.0 0.0 0.0
ds 0.0 0.0 0.0 0.0
gs 0.0 0.0 0.0 0.0
ts 0.0 0.0 0.0 0.0
eeg 753.401000977 899.804260254 940.928771973 873.484558105
eeg 750.111022949 794.525512695 835.650024414 873.484558105
eeg 769.850830078 768.205810547 835.650024414 873.484558105
eeg 769.850830078 873.484558105 888.289367676 794.525512695
eeg 774.785766602 873.484558105 888.289367676 768.205810547
eeg 778.075683594 873.484558105 888.289367676 847.164855957
eeg 787.945556641 794.525512695 783.010620117 873.484558105
eeg 774.785766602 741.886108398 730.371276855 847.164855957
eeg 773.14074707 847.164855957 835.650024414 873.484558105
eeg 769.850830078 873.484558105 888.289367676 847.164855957
eeg 759.980895996 847.164855957 888.289367676 820.845214844
eeg 764.91583252 873.484558105 940.928771973 926.123962402
eeg 750.111022949 794.525512695 809.330322266 926.123962402
eeg 769.850830078 768.205810547 809.330322266 926.123962402
eeg 763.270874023 873.484558105 888.289367676 847.164855957
eeg 763.270874023 873.484558105 914.609069824 820.845214844
eeg 768.205810547 873.484558105 940.928771973 899.804260254
eeg 778.075683594 794.525512695 835.650024414 952.443603516
eeg 756.690979004 741.886108398 783.010620117 899.804260254
eeg 751.75604248 820.845214844 861.969726562 899.804260254
eeg 753.401000977 873.484558105 888.289367676 847.164855957
eeg 750.111022949 847.164855957 888.289367676 794.525512695
a nan nan nan nan
b nan nan nan nan
d nan nan nan nan
g nan nan nan nan
t nan nan nan nan
h 4.0 4.0 4.0 4.0
c 0.0
Aa 0.0 0.0 0.0 0.0
Ab 0.0 0.0 0.0 0.0
Ad 0.0 0.0 0.0 0.0
Ag 0.0 0.0 0.0 0.0
At 0.0 0.0 0.0 0.0
as 0.0 0.0 0.0 0.0
bs 0.0 0.0 0.0 0.0
ds 0.0 0.0 0.0 0.0
gs 0.0 0.0 0.0 0.0
ts 0.0 0.0 0.0 0.0
eeg 763.270874023 847.164855957 914.609069824 899.804260254
eeg 750.111022949 794.525512695 809.330322266 899.804260254
eeg 758.3359375 741.886108398 763.270874023 847.164855957
eeg 750.111022949 847.164855957 875.129516602 768.205810547
eeg 761.625915527 847.164855957 901.44921875 741.886108398
eeg 764.91583252 847.164855957 914.609069824 820.845214844
eeg 781.365661621 794.525512695 822.49017334 873.484558105
eeg 781.365661621 741.886108398 750.111022949 820.845214844
eeg 774.785766602 794.525512695 842.229919434 820.845214844
eeg 791.235534668 847.164855957 888.289367676 794.525512695
eeg 781.365661621 847.164855957 861.969726562 741.886108398
eeg 779.720703125 847.164855957 894.86932373 873.484558105
eeg 766.560852051 794.525512695 802.750427246 873.484558105
eeg 763.270874023 741.886108398 763.270874023 847.164855957
eeg 764.91583252 847.164855957 888.289367676 820.845214844
eeg 763.270874023 847.164855957 894.86932373 794.525512695
eeg 768.205810547 847.164855957 901.44921875 873.484558105
eeg 784.655639648 794.525512695 796.170471191 926.123962402
eeg 764.91583252 741.886108398 796.170471191 820.845214844
eeg 753.401000977 794.525512695 875.129516602 794.525512695
eeg 758.3359375 847.164855957 901.44921875 768.205810547
eeg 758.3359375 794.525512695 875.129516602 715.566467285
a nan nan nan nan
b nan nan nan nan
d nan nan nan nan
g nan nan nan nan
t nan nan nan nan
h 4.0 4.0 4.0 4.0
c 0.0
Aa 0.0 0.0 0.0 0.0
Ab 0.0 0.0 0.0 0.0
Ad 0.0 0.0 0.0 0.0
Ag 0.0 0.0 0.0 0.0
At 0.0 0.0 0.0 0.0
as 0.0 0.0 0.0 0.0
bs 0.0 0.0 0.0 0.0
ds 0.0 0.0 0.0 0.0
gs 0.0 0.0 0.0 0.0
ts 0.0 0.0 0.0 0.0
eeg 766.560852051 794.525512695 875.129516602 820.845214844
eeg 759.980895996 794.525512695 822.49017334 847.164855957
eeg 771.495788574 741.886108398 769.850830078 794.525512695
eeg 755.045959473 847.164855957 875.129516602 768.205810547
eeg 763.270874023 847.164855957 901.44921875 741.886108398
eeg 766.560852051 847.164855957 901.44921875 820.845214844
eeg 769.850830078 794.525512695 822.49017334 873.484558105
eeg 755.045959473 794.525512695 769.850830078 794.525512695
eeg 759.980895996 847.164855957 875.129516602 794.525512695
eeg 763.270874023 899.804260254 901.44921875 794.525512695
eeg 758.3359375 847.164855957 875.129516602 768.205810547
eeg 769.850830078 847.164855957 875.129516602 873.484558105
eeg 764.91583252 794.525512695 796.170471191 899.804260254
eeg 779.720703125 741.886108398 743.53112793 814.265258789
eeg 769.850830078 847.164855957 848.809875488 787.945556641
eeg 774.785766602 847.164855957 822.49017334 768.205810547
eeg 771.495788574 847.164855957 822.49017334 860.324707031
eeg 784.655639648 794.525512695 743.53112793 926.123962402
eeg 783.010620117 794.525512695 717.211425781 834.005004883
eeg 776.430725098 847.164855957 822.49017334 814.265258789
eeg 778.075683594 899.804260254 875.129516602 814.265258789
eeg 778.075683594 847.164855957 848.809875488 774.785766602
a nan nan nan nan
b nan nan nan nan
d nan nan nan nan
g nan nan nan nan
t nan nan nan nan
h 4.0 4.0 4.0 4.0
c 0.0
Aa 0.0 0.0 0.0 0.0
Ab 0.0 0.0 0.0 0.0
Ad 0.0 0.0 0.0 0.0
Ag 0.0 0.0 0.0 0.0
At 0.0 0.0 0.0 0.0
as 0.0 0.0 0.0 0.0
bs 0.0 0.0 0.0 0.0
ds 0.0 0.0 0.0 0.0
gs 0.0 0.0 0.0 0.0
ts 0.0 0.0 0.0 0.0
eeg 778.075683594 847.164855957 848.809875488 866.904663086
eeg 771.495788574 847.164855957 822.49017334 906.384155273
eeg 773.14074707 794.525512695 769.850830078 794.525512695
eeg 766.560852051 899.804260254 901.44921875 787.945556641
eeg 766.560852051 899.804260254 901.44921875 774.785766602
eeg 769.850830078 847.164855957 875.129516602 860.324707031
eeg 779.720703125 794.525512695 769.850830078 932.703857422
eeg 774.785766602 768.205810547 717.211425781 825.780151367
eeg 764.91583252 820.845214844 769.850830078 799.460449219
eeg 763.270874023 873.484558105 822.49017334 812.620300293
eeg 761.625915527 794.525512695 769.850830078 784.655639648
eeg 761.625915527 794.525512695 769.850830078 863.614685059
eeg 769.850830078 794.525512695 769.850830078 914.609069824
eeg 773.14074707 768.205810547 717.211425781 787.945556641
eeg 761.625915527 873.484558105 822.49017334 783.010620117
eeg 768.205810547 873.484558105 822.49017334 781.365661621
eeg 768.205810547 794.525512695 822.49017334 866.904663086
eeg 791.235534668 768.205810547 769.850830078 932.703857422
eeg 784.655639648 768.205810547 769.850830078 822.49017334
eeg 779.720703125 847.164855957 822.49017334 789.590576172
eeg 781.365661621 899.804260254 875.129516602 815.91027832
eeg 786.300598145 820.845214844 822.49017334 799.460449219
a nan nan nan nan
b nan nan nan nan
d nan nan nan nan
g nan nan nan nan
t nan nan nan nan
h 4.0 4.0 4.0 4.0
c 0.0
Aa 0.0 0.0 0.0 0.0
Ab 0.0 0.0 0.0 0.0
Ad 0.0 0.0 0.0 0.0
Ag 0.0 0.0 0.0 0.0
At 0.0 0.0 0.0 0.0
as 0.0 0.0 0.0 0.0
bs 0.0 0.0 0.0 0.0
ds 0.0 0.0 0.0 0.0
gs 0.0 0.0 0.0 0.0
ts 0.0 0.0 0.0 0.0
eeg 783.010620117 807.68536377 796.170471191 878.419494629
eeg 774.785766602 820.845214844 769.850830078 957.378540039
eeg 773.14074707 781.365661621 717.211425781 825.780151367
eeg 764.91583252 873.484558105 822.49017334 825.780151367
eeg 776.430725098 919.544006348 848.809875488 825.780151367
eeg 778.075683594 794.525512695 796.170471191 878.419494629
eeg 768.205810547 781.365661621 769.850830078 931.058898926
eeg 746.821105957 774.785766602 769.850830078 825.780151367
eeg 745.176086426 860.324707031 848.809875488 799.460449219
eeg 748.466064453 932.703857422 901.44921875 825.780151367
eeg 764.91583252 827.425109863 822.49017334 825.780151367
eeg 753.401000977 801.105407715 796.170471191 852.09979248
eeg 751.75604248 807.68536377 796.170471191 904.739196777
eeg 763.270874023 801.105407715 769.850830078 773.14074707
eeg 745.176086426 866.904663086 875.129516602 773.14074707
eeg 725.436340332 926.123962402 901.44921875 799.460449219
eeg 733.661254883 820.845214844 796.170471191 878.419494629
eeg 750.111022949 820.845214844 796.170471191 957.378540039
eeg 755.045959473 820.845214844 796.170471191 852.09979248
eeg 774.785766602 899.804260254 848.809875488 825.780151367
eeg 771.495788574 952.443603516 901.44921875 852.09979248
eeg 781.365661621 847.164855957 848.809875488 852.09979248
a nan nan nan nan
b nan nan nan nan
d nan nan nan nan
g nan nan nan nan
t nan nan nan nan
h 4.0 4.0 4.0 4.0
c 0.0
Aa 0.0 0.0 0.0 0.0
Ab 0.0 0.0 0.0 0.0
Ad 0.0 0.0 0.0 0.0
Ag 0.0 0.0 0.0 0.0
At 0.0 0.0 0.0 0.0
as 0.0 0.0 0.0 0.0
bs 0.0 0.0 0.0 0.0
ds 0.0 0.0 0.0 0.0
gs 0.0 0.0 0.0 0.0
ts 0.0 0.0 0.0 0.0
eeg 787.945556641 820.845214844 848.809875488 878.419494629
eeg 786.300598145 847.164855957 848.809875488 931.058898926
eeg 794.525512695 847.164855957 848.809875488 799.460449219
eeg 781.365661621 899.804260254 901.44921875 799.460449219
eeg 789.590576172 952.443603516 954.088623047 825.780151367
eeg 773.14074707 820.845214844 848.809875488 878.419494629
eeg 781.365661621 820.845214844 848.809875488 904.739196777
eeg 776.430725098 820.845214844 848.809875488 799.460449219
eeg 755.045959473 873.484558105 901.44921875 773.14074707
eeg 758.3359375 926.123962402 954.088623047 825.780151367
eeg 766.560852051 817.555236816 827.425109863 838.940002441
eeg 755.045959473 784.655639648 794.525512695 891.579345703
eeg 748.466064453 830.715087891 797.815490723 996.858093262
eeg 753.401000977 837.29498291 791.235534668 891.579345703
eeg 741.886108398 876.774536133 866.904663086 891.579345703
eeg 753.401000977 949.153686523 926.123962402 944.218688965
eeg 755.045959473 804.395385742 794.525512695 944.218688965
eeg 758.3359375 797.815490723 791.235534668 944.218688965
eeg 759.980895996 824.135131836 784.655639648 838.940002441
eeg 778.075683594 876.774536133 857.034729004 786.300598145
eeg 773.14074707 942.573730469 932.703857422 838.940002441
eeg 776.430725098 830.715087891 824.135131836 838.940002441
a nan nan nan nan
b nan nan nan nan
d nan nan nan nan
g nan nan nan nan
t nan nan nan nan
h 4.0 4.0 4.0 4.0
c 0.0
Aa 0.0 0.0 0.0 0.0
Ab 0.0 0.0 0.0 0.0
Ad 0.0 0.0 0.0 0.0
Ag 0.0 0.0 0.0 0.0
At 0.0 0.0 0.0 0.0
as 0.0 0.0 0.0 0.0
bs 0.0 0.0 0.0 0.0
ds 0.0 0.0 0.0 0.0
gs 0.0 0.0 0.0 0.0
ts 0.0 0.0 0.0 0.0
eeg 796.170471191 784.655639648 787.945556641 838.940002441
eeg 755.045959473 824.135131836 807.68536377 891.579345703
eeg 766.560852051 837.29498291 801.105407715 786.300598145
eeg 773.14074707 863.614685059 863.614685059 786.300598145
eeg 758.3359375 942.573730469 932.703857422 838.940002441
eeg 743.53112793 837.29498291 827.425109863 891.579345703
eeg 758.3359375 837.29498291 853.744812012 944.218688965
eeg 738.596191406 863.614685059 880.064453125 891.579345703
eeg 750.111022949 916.25402832 932.703857422 891.579345703
eeg 756.690979004 968.893432617 985.343200684 944.218688965
eeg 751.75604248 863.614685059 880.064453125 944.218688965
eeg 741.886108398 810.975280762 853.744812012 944.218688965
eeg 750.111022949 863.614685059 880.064453125 996.858093262
eeg 774.785766602 863.614685059 880.064453125 891.579345703
eeg 758.3359375 863.614685059 906.384155273 891.579345703
eeg 761.625915527 942.573730469 959.02355957 944.218688965
eeg 766.560852051 810.975280762 827.425109863 944.218688965
eeg 774.785766602 810.975280762 827.425109863 944.218688965
eeg 761.625915527 863.614685059 827.425109863 838.940002441
eeg 755.045959473 889.934387207 880.064453125 786.300598145
eeg 758.3359375 916.25402832 932.703857422 838.940002441
eeg 768.205810547 863.614685059 853.744812012 891.579345703
a nan nan nan nan
b nan nan nan nan
d nan nan nan nan
g nan nan nan nan
t nan nan nan nan
h 4.0 4.0 4.0 4.0
c 0.0
Aa 0.0 0.0 0.0 0.0
Ab 0.0 0.0 0.0 0.0
Ad 0.0 0.0 0.0 0.0
Ag 0.0 0.0 0.0 0.0
At 0.0 0.0 0.0 0.0
as 0.0 0.0 0.0 0.0
bs 0.0 0.0 0.0 0.0
ds 0.0 0.0 0.0 0.0
gs 0.0 0.0 0.0 0.0
ts 0.0 0.0 0.0 0.0
eeg 771.495788574 863.614685059 853.744812012 891.579345703
eeg 771.495788574 968.893432617 906.384155273 944.218688965
eeg 786.300598145 968.893432617 906.384155273 838.940002441
eeg 783.010620117 968.893432617 932.703857422 812.620300293
eeg 784.655639648 1021.53277588 985.343200684 917.899047852
eeg 778.075683594 916.25402832 853.744812012 917.899047852
eeg 784.655639648 916.25402832 853.744812012 917.899047852
eeg 779.720703125 968.893432617 880.064453125 812.620300293
eeg 773.14074707 968.893432617 932.703857422 759.980895996
eeg 768.205810547 968.893432617 959.02355957 838.940002441
eeg 764.91583252 863.614685059 853.744812012 865.259643555
eeg 763.270874023 810.975280762 801.105407715 838.940002441
eeg 771.495788574 863.614685059 853.744812012 865.259643555
eeg 779.720703125 863.614685059 853.744812012 786.300598145
eeg 761.625915527 863.614685059 853.744812012 759.980895996
eeg 758.3359375 942.573730469 959.02355957 891.579345703
eeg 755.045959473 837.29498291 827.425109863 917.899047852
eeg 764.91583252 810.975280762 827.425109863 917.899047852
eeg 740.241149902 916.25402832 880.064453125 838.940002441
eeg 748.466064453 942.573730469 932.703857422 786.300598145
eeg 741.886108398 942.573730469 959.02355957 865.259643555
eeg 755.045959473 837.29498291 853.744812012 917.899047852
a nan nan nan nan
b nan nan nan nan
d nan nan nan nan
g nan nan nan nan
t nan nan nan nan
h 4.0 4.0 4.0 4.0
c 0.0
Aa 0.0 0.0 0.0 0.0
Ab 0.0 0.0 0.0 0.0
Ad 0.0 0.0 0.0 0.0
Ag 0.0 0.0 0.0 0.0
At 0.0 0.0 0.0 0.0
as 0.0 0.0 0.0 0.0
bs 0.0 0.0 0.0 0.0
ds 0.0 0.0 0.0 0.0
gs 0.0 0.0 0.0 0.0
ts 0.0 0.0 0.0 0.0
eeg 753.401000977 784.655639648 801.105407715 891.579345703
eeg 746.821105957 863.614685059 853.744812012 917.899047852
eeg 761.625915527 889.934387207 880.064453125 838.940002441
eeg 758.3359375 889.934387207 880.064453125 786.300598145
eeg 768.205810547 916.25402832 932.703857422 891.579345703
eeg 763.270874023 810.975280762 801.105407715 891.579345703
eeg 786.300598145 784.655639648 801.105407715 891.579345703
eeg 773.14074707 889.934387207 853.744812012 812.620300293
eeg 768.205810547 889.934387207 880.064453125 759.980895996
eeg 758.3359375 916.25402832 932.703857422 812.620300293
eeg 756.690979004 863.614685059 932.703857422 865.259643555
eeg 753.401000977 810.975280762 880.064453125 838.940002441
eeg 750.111022949 889.934387207 932.703857422 838.940002441
eeg 766.560852051 916.25402832 932.703857422 786.300598145
eeg 758.3359375 889.934387207 932.703857422 759.980895996
eeg 755.045959473 916.25402832 985.343200684 865.259643555
eeg 758.3359375 837.29498291 880.064453125 865.259643555
eeg 771.495788574 810.975280762 880.064453125 865.259643555
eeg 756.690979004 916.25402832 932.703857422 812.620300293
eeg 751.75604248 916.25402832 932.703857422 786.300598145
eeg 769.850830078 916.25402832 932.703857422 865.259643555
eeg 779.720703125 837.29498291 880.064453125 917.899047852
a nan nan nan nan
b nan nan nan nan
d nan nan nan nan
g nan nan nan nan
t nan nan nan nan
h 4.0 4.0 4.0 4.0
c 0.0
Aa 0.0 0.0 0.0 0.0
Ab 0.0 0.0 0.0 0.0
Ad 0.0 0.0 0.0 0.0
Ag 0.0 0.0 0.0 0.0
At 0.0 0.0 0.0 0.0
as 0.0 0.0 0.0 0.0
bs 0.0 0.0 0.0 0.0
ds 0.0 0.0 0.0 0.0
gs 0.0 0.0 0.0 0.0
ts 0.0 0.0 0.0 0.0
eeg 764.91583252 784.655639648 827.425109863 865.259643555
eeg 761.625915527 863.614685059 880.064453125 865.259643555
eeg 758.3359375 889.934387207 880.064453125 812.620300293
eeg 748.466064453 889.934387207 880.064453125 759.980895996
eeg 748.466064453 889.934387207 906.384155273 865.259643555
eeg 751.75604248 837.29498291 801.105407715 865.259643555
eeg 769.850830078 784.655639648 774.785766602 838.940002441
eeg 764.91583252 889.934387207 880.064453125 786.300598145
eeg 773.14074707 889.934387207 906.384155273 759.980895996
eeg 763.270874023 889.934387207 906.384155273 838.940002441
eeg 768.205810547 837.29498291 827.425109863 891.579345703
eeg 768.205810547 784.655639648 774.785766602 838.940002441
eeg 759.980895996 837.29498291 853.744812012 838.940002441
eeg 769.850830078 889.934387207 880.064453125 812.620300293
eeg 776.430725098 889.934387207 853.744812012 759.980895996
eeg 776.430725098 889.934387207 880.064453125 865.259643555
eeg 773.14074707 837.29498291 801.105407715 865.259643555
eeg 784.655639648 784.655639648 748.466064453 838.940002441
eeg 759.980895996 889.934387207 880.064453125 786.300598145
eeg 778.075683594 863.614685059 880.064453125 733.661254883
eeg 761.625915527 810.975280762 880.064453125 786.300598145
eeg 763.270874023 758.3359375 827.425109863 838.940002441
a nan nan nan nan
b nan nan nan nan
d nan nan nan nan
g nan nan nan nan
t nan nan nan nan
h 4.0 4.0 4.0 4.0
c 0.0
Aa 0.0 0.0 0.0 0.0
Ab 0.0 0.0 0.0 0.0
Ad 0.0 0.0 0.0 0.0
Ag 0.0 0.0 0.0 0.0
At 0.0 0.0 0.0 0.0
as 0.0 0.0 0.0 0.0
bs 0.0 0.0 0.0 0.0
ds 0.0 0.0 0.0 0.0
gs 0.0 0.0 0.0 0.0
ts 0.0 0.0 0.0 0.0
eeg 769.850830078 732.016235352 774.785766602 786.300598145
eeg 778.075683594 810.975280762 827.425109863 786.300598145
eeg 789.590576172 863.614685059 880.064453125 786.300598145
eeg 750.111022949 810.975280762 880.064453125 733.661254883
eeg 751.75604248 810.975280762 880.064453125 838.940002441
eeg 730.371276855 784.655639648 827.425109863 838.940002441
eeg 745.176086426 732.016235352 774.785766602 786.300598145
eeg 750.111022949 863.614685059 880.064453125 786.300598145
eeg 750.111022949 863.614685059 880.064453125 786.300598145
eeg 769.850830078 837.29498291 880.064453125 838.940002441
eeg 786.300598145 784.655639648 827.425109863 891.579345703
eeg 787.945556641 758.3359375 774.785766602 838.940002441
eeg 778.075683594 837.29498291 880.064453125 838.940002441
eeg 781.365661621 837.29498291 880.064453125 812.620300293
eeg 779.720703125 784.655639648 827.425109863 759.980895996
eeg 761.625915527 784.655639648 827.425109863 838.940002441
eeg 764.91583252 784.655639648 774.785766602 838.940002441
eeg 774.785766602 732.016235352 722.146362305 759.980895996
eeg 779.720703125 837.29498291 853.744812012 759.980895996
eeg 776.430725098 837.29498291 880.064453125 759.980895996
eeg 764.91583252 784.655639648 853.744812012 838.940002441
eeg 773.14074707 732.016235352 774.785766602 891.579345703
a nan nan nan nan
b nan nan nan nan
d nan nan nan nan
g nan nan nan nan
t nan nan nan nan
h 4.0 4.0 4.0 4.0
c 0.0
Aa 0.0 0.0 0.0 0.0
Ab 0.0 0.0 0.0 0.0
Ad 0.0 0.0 0.0 0.0
Ag 0.0 0.0 0.0 0.0
At 0.0 0.0 0.0 0.0
as 0.0 0.0 0.0 0.0
bs 0.0 0.0 0.0 0.0
ds 0.0 0.0 0.0 0.0
gs 0.0 0.0 0.0 0.0
ts 0.0 0.0 0.0 0.0
eeg 773.14074707 732.016235352 748.466064453 812.620300293
eeg 771.495788574 784.655639648 827.425109863 812.620300293
eeg 774.785766602 837.29498291 880.064453125 812.620300293
eeg 778.075683594 784.655639648 827.425109863 786.300598145
eeg 763.270874023 784.655639648 827.425109863 865.259643555
eeg 759.980895996 784.655639648 801.105407715 891.579345703
eeg 774.785766602 732.016235352 748.466064453 786.300598145
eeg 766.560852051 876.774536133 889.934387207 786.300598145
eeg 769.850830078 850.454833984 863.614685059 786.300598145
eeg 759.980895996 797.815490723 837.29498291 865.259643555
eeg 781.365661621 771.495788574 758.3359375 917.899047852
eeg 776.430725098 771.495788574 732.016235352 838.940002441
eeg 786.300598145 850.454833984 810.975280762 812.620300293
eeg 797.815490723 903.094238281 863.614685059 812.620300293
eeg 789.590576172 824.135131836 837.29498291 786.300598145
eeg 794.525512695 797.815490723 810.975280762 865.259643555
eeg 804.395385742 797.815490723 784.655639648 891.579345703
eeg 801.105407715 771.495788574 732.016235352 786.300598145
eeg 783.010620117 876.774536133 863.614685059 786.300598145
eeg 776.430725098 876.774536133 863.614685059 786.300598145
eeg 756.690979004 797.815490723 837.29498291 865.259643555
eeg 759.980895996 771.495788574 810.975280762 917.899047852
a nan nan nan nan
b nan nan nan nan
d nan nan nan nan
g nan nan nan nan
t nan nan nan nan
h 4.0 4.0 4.0 4.0
c 0.0
Aa 0.0 0.0 0.0 0.0
Ab 0.0 0.0 0.0 0.0
Ad 0.0 0.0 0.0 0.0
Ag 0.0 0.0 0.0 0.0
At 0.0 0.0 0.0 0.0
as 0.0 0.0 0.0 0.0
bs 0.0 0.0 0.0 0.0
ds 0.0 0.0 0.0 0.0
gs 0.0 0.0 0.0 0.0
ts 0.0 0.0 0.0 0.0
eeg 758.3359375 771.495788574 784.655639648 812.620300293
eeg 751.75604248 850.454833984 863.614685059 786.300598145
eeg 769.850830078 929.413879395 863.614685059 838.940002441
eeg 769.850830078 820.845214844 810.975280762 865.259643555
eeg 761.625915527 804.395385742 810.975280762 917.899047852
eeg 753.401000977 810.975280762 810.975280762 970.538391113
eeg 774.785766602 774.785766602 758.3359375 838.940002441
eeg 766.560852051 870.194580078 863.614685059 838.940002441
eeg 769.850830078 919.544006348 863.614685059 838.940002441
eeg 768.205810547 797.815490723 810.975280762 891.579345703
eeg 778.075683594 771.495788574 758.3359375 944.218688965
eeg 764.91583252 774.785766602 758.3359375 838.940002441
eeg 759.980895996 857.034729004 810.975280762 812.620300293
eeg 764.91583252 935.993835449 863.614685059 838.940002441
eeg 750.111022949 830.715087891 810.975280762 838.940002441
eeg 755.045959473 794.525512695 810.975280762 865.259643555
eeg 743.53112793 807.68536377 810.975280762 917.899047852
eeg 771.495788574 791.235534668 758.3359375 786.300598145
eeg 773.14074707 870.194580078 883.354431152 812.620300293
eeg 776.430725098 922.833984375 903.094238281 865.259643555
eeg 778.075683594 791.235534668 814.265258789 917.899047852
eeg 773.14074707 791.235534668 784.655639648 970.538391113
a nan nan nan nan
b nan nan nan nan
d nan nan nan nan
g nan nan nan nan
t nan nan nan nan
h 4.0 4.0 4.0 4.0
c 0.0
Aa 0.0 0.0 0.0 0.0
Ab 0.0 0.0 0.0 0.0
Ad 0.0 0.0 0.0 0.0
Ag 0.0 0.0 0.0 0.0
At 0.0 0.0 0.0 0.0
as 0.0 0.0 0.0 0.0
bs 0.0 0.0 0.0 0.0
ds 0.0 0.0 0.0 0.0
gs 0.0 0.0 0.0 0.0
ts 0.0 0.0 0.0 0.0
eeg 779.720703125 791.235534668 764.91583252 865.259643555
eeg 778.075683594 870.194580078 850.454833984 838.940002441
eeg 791.235534668 922.833984375 929.413879395 865.259643555
eeg 784.655639648 817.555236816 820.845214844 865.259643555
eeg 784.655639648 791.235534668 804.395385742 891.579345703
eeg 779.720703125 817.555236816 807.68536377 944.218688965
eeg 776.430725098 817.555236816 771.495788574 812.620300293
eeg 773.14074707 870.194580078 880.064453125 812.620300293
eeg 763.270874023 922.833984375 919.544006348 838.940002441
eeg 773.14074707 791.235534668 804.395385742 891.579345703
eeg 786.300598145 791.235534668 778.075683594 917.899047852
eeg 771.495788574 791.235534668 771.495788574 812.620300293
eeg 776.430725098 870.194580078 850.454833984 786.300598145
eeg 774.785766602 949.153686523 929.413879395 865.259643555
eeg 771.495788574 843.874938965 824.135131836 891.579345703
eeg 773.14074707 817.555236816 797.815490723 917.899047852
eeg 759.980895996 843.874938965 797.815490723 996.858093262
eeg 761.625915527 843.874938965 797.815490723 891.579345703
eeg 758.3359375 870.194580078 876.774536133 891.579345703
eeg 766.560852051 922.833984375 903.094238281 944.218688965
eeg 778.075683594 791.235534668 797.815490723 970.538391113
eeg 786.300598145 791.235534668 797.815490723 996.858093262
a nan nan nan nan
b nan nan nan nan
d nan nan nan nan
g nan nan nan nan
t nan nan nan nan
h 4.0 4.0 4.0 4.0
c 0.0
Aa 0.0 0.0 0.0 0.0
Ab 0.0 0.0 0.0 0.0
Ad 0.0 0.0 0.0 0.0
Ag 0.0 0.0 0.0 0.0
At 0.0 0.0 0.0 0.0
as 0.0 0.0 0.0 0.0
bs 0.0 0.0 0.0 0.0
ds 0.0 0.0 0.0 0.0
gs 0.0 0.0 0.0 0.0
ts 0.0 0.0 0.0 0.0
eeg 776.430725098 817.555236816 797.815490723 891.579345703
eeg 784.655639648 870.194580078 876.774536133 838.940002441
eeg 773.14074707 922.833984375 929.413879395 891.579345703
eeg 781.365661621 817.555236816 850.454833984 891.579345703
eeg 783.010620117 791.235534668 824.135131836 891.579345703
eeg 758.3359375 817.555236816 824.135131836 944.218688965
