eeg 792.880554199 763.270874023 804.395385742 789.590576172
eeg 845.519897461 710.631530762 725.436340332 894.86932373
eeg 871.839599609 815.91027832 857.034729004 921.188964844
eeg 819.200195312 815.91027832 830.715087891 894.86932373
eeg 871.839599609 763.270874023 751.75604248 921.188964844
eeg 819.200195312 763.270874023 725.436340332 842.229919434
eeg 792.880554199 763.270874023 699.116638184 815.91027832
eeg 845.519897461 815.91027832 804.395385742 921.188964844
a nan nan nan nan
b nan nan nan nan
d nan nan nan nan
g nan nan nan nan
t nan nan nan nan
h 4.0 4.0 4.0 4.0
c 0.0
Aa 0.0 0.0 0.0 0.0
Ab 0.0 0.0 0.0 0.0
Ad 0.0 0.0 0.0 0.0
Ag 0.0 0.0 0.0 0.0
At 0.0 0.0 0.0 0.0
as 0.0 0.0 0.0 0.0
bs 0.0 0.0 0.0 0.0
ds 0.0 0.0 0.0 0.0
gs 0.0 0.0 0.0 0.0
ts 0.0 0.0 0.0 0.0
eeg 871.839599609 868.549621582 857.034729004 921.188964844
eeg 871.839599609 815.91027832 804.395385742 921.188964844
eeg 845.519897461 815.91027832 778.075683594 842.229919434
eeg 819.200195312 815.91027832 778.075683594 789.590576172
eeg 871.839599609 763.270874023 725.436340332 868.549621582
eeg 898.159240723 868.549621582 883.354431152 894.86932373
eeg 845.519897461 868.549621582 883.354431152 868.549621582
eeg 871.839599609 815.91027832 830.715087891 894.86932373
eeg 819.200195312 763.270874023 778.075683594 842.229919434
eeg 786.300598145 763.270874023 725.436340332 789.590576172
eeg 865.259643555 842.229919434 778.075683594 894.86932373
eeg 878.419494629 894.86932373 830.715087891 894.86932373
eeg 845.519897461 815.91027832 778.075683594 894.86932373
eeg 812.620300293 789.590576172 778.075683594 815.91027832
eeg 779.720703125 789.590576172 778.075683594 763.270874023
eeg 858.679748535 763.270874023 725.436340332 842.229919434
eeg 898.159240723 868.549621582 830.715087891 868.549621582
eeg 852.09979248 894.86932373 830.715087891 842.229919434
eeg 865.259643555 789.590576172 778.075683594 842.229919434
eeg 825.780151367 789.590576172 778.075683594 789.590576172
eeg 779.720703125 789.590576172 778.075683594 736.951171875
eeg 845.519897461 868.549621582 830.715087891 868.549621582
a nan nan nan nan
b nan nan nan nan
d nan nan nan nan
g nan nan nan nan
t nan nan nan nan
h 4.0 4.0 4.0 4.0
c 0.0
Aa 0.0 0.0 0.0 0.0
Ab 0.0 0.0 0.0 0.0
Ad 0.0 0.0 0.0 0.0
Ag 0.0 0.0 0.0 0.0
At 0.0 0.0 0.0 0.0
as 0.0 0.0 0.0 0.0
bs 0.0 0.0 0.0 0.0
ds 0.0 0.0 0.0 0.0
gs 0.0 0.0 0.0 0.0
ts 0.0 0.0 0.0 0.0
eeg 878.419494629 921.188964844 883.354431152 868.549621582
eeg 832.360046387 842.229919434 830.715087891 868.549621582
eeg 832.360046387 802.750427246 830.715087891 868.549621582
eeg 832.360046387 832.360046387 883.354431152 815.91027832
eeg 911.319091797 792.880554199 830.715087891 868.549621582
eeg 937.638793945 875.129516602 935.993835449 921.188964844
eeg 858.679748535 901.44921875 962.313476562 868.549621582
eeg 884.999450684 806.040344238 857.034729004 868.549621582
eeg 858.679748535 773.14074707 830.715087891 815.91027832
eeg 806.040344238 792.880554199 830.715087891 763.270874023
eeg 858.679748535 894.86932373 935.993835449 868.549621582
eeg 884.999450684 931.058898926 962.313476562 868.549621582
eeg 832.360046387 825.780151367 857.034729004 868.549621582
eeg 832.360046387 786.300598145 830.715087891 815.91027832
eeg 832.360046387 838.940002441 857.034729004 815.91027832
eeg 884.999450684 809.330322266 830.715087891 868.549621582
eeg 911.319091797 871.839599609 883.354431152 921.188964844
eeg 832.360046387 950.79864502 935.993835449 868.549621582
eeg 842.229919434 845.519897461 830.715087891 842.229919434
eeg 830.715087891 845.519897461 857.034729004 789.590576172
eeg 774.785766602 871.839599609 857.034729004 710.631530762
eeg 855.389770508 950.79864502 935.993835449 842.229919434
a nan nan nan nan
b nan nan nan nan
d nan nan nan nan
g nan nan nan nan
t nan nan nan nan
h 4.0 4.0 4.0 4.0
c 0.0
Aa 0.0 0.0 0.0 0.0
Ab 0.0 0.0 0.0 0.0
Ad 0.0 0.0 0.0 0.0
Ag 0.0 0.0 0.0 0.0
At 0.0 0.0 0.0 0.0
as 0.0 0.0 0.0 0.0
bs 0.0 0.0 0.0 0.0
ds 0.0 0.0 0.0 0.0
gs 0.0 0.0 0.0 0.0
ts 0.0 0.0 0.0 0.0
eeg 883.354431152 977.118347168 988.633178711 842.229919434
eeg 815.91027832 871.839599609 909.674133301 815.91027832
eeg 797.815490723 845.519897461 857.034729004 763.270874023
eeg 786.300598145 871.839599609 883.354431152 736.951171875
eeg 857.034729004 871.839599609 857.034729004 815.91027832
eeg 911.319091797 898.159240723 909.674133301 868.549621582
eeg 815.91027832 950.79864502 962.313476562 789.590576172
eeg 822.49017334 819.200195312 830.715087891 789.590576172
eeg 827.425109863 819.200195312 830.715087891 789.590576172
eeg 763.270874023 845.519897461 830.715087891 736.951171875
eeg 845.519897461 898.159240723 909.674133301 868.549621582
eeg 878.419494629 924.478942871 935.993835449 894.86932373
eeg 807.68536377 825.780151367 834.005004883 830.715087891
eeg 781.365661621 799.460449219 807.68536377 778.075683594
eeg 755.045959473 878.419494629 886.64440918 725.436340332
eeg 807.68536377 904.739196777 912.964111328 804.395385742
eeg 860.324707031 931.058898926 965.60345459 857.034729004
eeg 781.365661621 983.698242188 991.923156738 778.075683594
eeg 781.365661621 852.09979248 860.324707031 778.075683594
eeg 781.365661621 852.09979248 860.324707031 778.075683594
eeg 755.045959473 878.419494629 860.324707031 751.75604248
eeg 807.68536377 931.058898926 912.964111328 857.034729004
a nan nan nan nan
b nan nan nan nan
d nan nan nan nan
g nan nan nan nan
t nan nan nan nan
h 4.0 4.0 4.0 4.0
c 0.0
Aa 0.0 0.0 0.0 0.0
Ab 0.0 0.0 0.0 0.0
Ad 0.0 0.0 0.0 0.0
Ag 0.0 0.0 0.0 0.0
At 0.0 0.0 0.0 0.0
as 0.0 0.0 0.0 0.0
bs 0.0 0.0 0.0 0.0
ds 0.0 0.0 0.0 0.0
gs 0.0 0.0 0.0 0.0
ts 0.0 0.0 0.0 0.0
eeg 834.005004883 957.378540039 939.283752441 883.354431152
eeg 781.365661621 878.419494629 860.324707031 804.395385742
eeg 781.365661621 825.780151367 807.68536377 778.075683594
eeg 781.365661621 878.419494629 860.324707031 778.075683594
eeg 834.005004883 878.419494629 860.324707031 857.034729004
eeg 886.64440918 878.419494629 886.64440918 909.674133301
eeg 807.68536377 957.378540039 939.283752441 830.715087891
eeg 796.170471191 825.780151367 834.005004883 810.975280762
eeg 812.620300293 825.780151367 860.324707031 824.135131836
eeg 781.365661621 878.419494629 886.64440918 784.655639648
eeg 829.070068359 904.739196777 939.283752441 876.774536133
eeg 876.774536133 931.058898926 965.60345459 916.25402832
eeg 796.170471191 852.09979248 886.64440918 797.815490723
eeg 796.170471191 799.460449219 834.005004883 784.655639648
eeg 815.91027832 852.09979248 886.64440918 778.075683594
eeg 858.679748535 878.419494629 886.64440918 870.194580078
eeg 912.964111328 878.419494629 912.964111328 935.993835449
eeg 820.845214844 931.058898926 965.60345459 830.715087891
eeg 799.460449219 825.780151367 834.005004883 804.395385742
eeg 829.070068359 825.780151367 834.005004883 824.135131836
eeg 801.105407715 878.419494629 860.324707031 797.815490723
eeg 845.519897461 904.739196777 886.64440918 870.194580078
a nan nan nan nan
b nan nan nan nan
d nan nan nan nan
g nan nan nan nan
t nan nan nan nan
h 4.0 4.0 4.0 4.0
c 0.0
Aa 0.0 0.0 0.0 0.0
Ab 0.0 0.0 0.0 0.0
Ad 0.0 0.0 0.0 0.0
Ag 0.0 0.0 0.0 0.0
At 0.0 0.0 0.0 0.0
as 0.0 0.0 0.0 0.0
bs 0.0 0.0 0.0 0.0
ds 0.0 0.0 0.0 0.0
gs 0.0 0.0 0.0 0.0
ts 0.0 0.0 0.0 0.0
eeg 886.64440918 904.739196777 912.964111328 922.833984375
eeg 807.68536377 825.780151367 912.964111328 791.235534668
eeg 787.945556641 773.14074707 860.324707031 791.235534668
eeg 827.425109863 852.09979248 912.964111328 791.235534668
eeg 866.904663086 852.09979248 912.964111328 870.194580078
eeg 912.964111328 852.09979248 912.964111328 922.833984375
eeg 820.845214844 878.419494629 965.60345459 817.555236816
eeg 794.525512695 773.14074707 860.324707031 791.235534668
eeg 834.005004883 773.14074707 860.324707031 817.555236816
eeg 820.845214844 852.09979248 912.964111328 817.555236816
eeg 840.584960938 878.419494629 912.964111328 870.194580078
eeg 899.804260254 878.419494629 912.964111328 922.833984375
eeg 820.845214844 799.460449219 860.324707031 791.235534668
eeg 801.105407715 746.821105957 807.68536377 791.235534668
eeg 847.164855957 825.780151367 860.324707031 791.235534668
eeg 860.324707031 852.09979248 860.324707031 870.194580078
eeg 906.384155273 852.09979248 860.324707031 922.833984375
eeg 809.330322266 878.419494629 965.60345459 843.874938965
eeg 786.300598145 799.460449219 860.324707031 843.874938965
eeg 834.005004883 773.14074707 860.324707031 870.194580078
eeg 825.780151367 878.419494629 912.964111328 870.194580078
eeg 835.650024414 878.419494629 912.964111328 896.514282227
a nan nan nan nan
b nan nan nan nan
d nan nan nan nan
g nan nan nan nan
t nan nan nan nan
h 4.0 4.0 4.0 4.0
c 0.0
Aa 0.0 0.0 0.0 0.0
Ab 0.0 0.0 0.0 0.0
Ad 0.0 0.0 0.0 0.0
Ag 0.0 0.0 0.0 0.0
At 0.0 0.0 0.0 0.0
as 0.0 0.0 0.0 0.0
bs 0.0 0.0 0.0 0.0
ds 0.0 0.0 0.0 0.0
gs 0.0 0.0 0.0 0.0
ts 0.0 0.0 0.0 0.0
eeg 898.159240723 878.419494629 912.964111328 949.153686523
eeg 814.265258789 799.460449219 860.324707031 817.555236816
eeg 781.365661621 746.821105957 807.68536377 817.555236816
eeg 845.519897461 852.09979248 912.964111328 843.874938965
eeg 878.419494629 878.419494629 912.964111328 896.514282227
eeg 904.739196777 878.419494629 912.964111328 922.833984375
eeg 806.040344238 878.419494629 912.964111328 817.555236816
eeg 779.720703125 825.780151367 860.324707031 791.235534668
eeg 832.360046387 773.14074707 807.68536377 843.874938965
eeg 840.584960938 904.739196777 912.964111328 843.874938965
eeg 837.29498291 904.739196777 912.964111328 870.194580078
eeg 903.094238281 878.419494629 886.64440918 949.153686523
eeg 817.555236816 773.14074707 781.365661621 843.874938965
eeg 787.945556641 694.18170166 728.726318359 870.194580078
eeg 853.744812012 799.460449219 834.005004883 922.833984375
eeg 866.904663086 825.780151367 860.324707031 975.473327637
eeg 896.514282227 799.460449219 860.324707031 1001.79302979
eeg 814.265258789 799.460449219 860.324707031 896.514282227
eeg 778.075683594 746.821105957 807.68536377 843.874938965
eeg 837.29498291 720.501403809 781.365661621 896.514282227
eeg 850.454833984 852.09979248 912.964111328 896.514282227
eeg 837.29498291 852.09979248 912.964111328 896.514282227
a nan nan nan nan
b nan nan nan nan
d nan nan nan nan
g nan nan nan nan
t nan nan nan nan
h 4.0 4.0 4.0 4.0
c 0.0
Aa 0.0 0.0 0.0 0.0
Ab 0.0 0.0 0.0 0.0
Ad 0.0 0.0 0.0 0.0
Ag 0.0 0.0 0.0 0.0
At 0.0 0.0 0.0 0.0
as 0.0 0.0 0.0 0.0
bs 0.0 0.0 0.0 0.0
ds 0.0 0.0 0.0 0.0
gs 0.0 0.0 0.0 0.0
ts 0.0 0.0 0.0 0.0
eeg 899.804260254 852.09979248 912.964111328 949.153686523
eeg 810.975280762 799.460449219 834.005004883 817.555236816
eeg 781.365661621 746.821105957 781.365661621 817.555236816
eeg 843.874938965 852.09979248 886.64440918 870.194580078
eeg 870.194580078 904.739196777 912.964111328 896.514282227
eeg 888.289367676 825.780151367 860.324707031 949.153686523
eeg 801.105407715 799.460449219 834.005004883 896.514282227
eeg 774.785766602 773.14074707 781.365661621 896.514282227
eeg 835.650024414 694.18170166 728.726318359 949.153686523
eeg 860.324707031 825.780151367 860.324707031 949.153686523
eeg 820.845214844 852.09979248 860.324707031 949.153686523
eeg 901.44921875 825.780151367 834.005004883 1001.79302979
eeg 809.330322266 773.14074707 781.365661621 896.514282227
eeg 781.365661621 746.821105957 728.726318359 896.514282227
eeg 848.809875488 852.09979248 834.005004883 949.153686523
eeg 870.194580078 878.419494629 860.324707031 949.153686523
eeg 876.774536133 825.780151367 807.68536377 949.153686523
eeg 802.750427246 825.780151367 807.68536377 896.514282227
eeg 773.14074707 825.780151367 807.68536377 843.874938965
eeg 843.874938965 746.821105957 728.726318359 896.514282227
eeg 871.839599609 904.739196777 886.64440918 896.514282227
eeg 792.880554199 852.09979248 860.324707031 870.194580078
a nan nan nan nan
b nan nan nan nan
d nan nan nan nan
g nan nan nan nan
t nan nan nan nan
h 4.0 4.0 4.0 4.0
c 0.0
Aa 0.0 0.0 0.0 0.0
Ab 0.0 0.0 0.0 0.0
Ad 0.0 0.0 0.0 0.0
Ag 0.0 0.0 0.0 0.0
At 0.0 0.0 0.0 0.0
as 0.0 0.0 0.0 0.0
bs 0.0 0.0 0.0 0.0
ds 0.0 0.0 0.0 0.0
gs 0.0 0.0 0.0 0.0
ts 0.0 0.0 0.0 0.0
eeg 871.839599609 746.821105957 781.365661621 922.833984375
eeg 792.880554199 694.18170166 702.406616211 817.555236816
eeg 766.560852051 694.18170166 676.086914062 791.235534668
eeg 819.200195312 799.460449219 781.365661621 896.514282227
eeg 845.519897461 852.09979248 807.68536377 896.514282227
eeg 845.519897461 799.460449219 728.726318359 896.514282227
eeg 792.880554199 799.460449219 728.726318359 817.555236816
eeg 792.880554199 799.460449219 728.726318359 764.91583252
eeg 845.519897461 746.821105957 676.086914062 843.874938965
eeg 871.839599609 852.09979248 834.005004883 870.194580078
eeg 845.519897461 852.09979248 834.005004883 843.874938965
eeg 871.839599609 799.460449219 807.68536377 870.194580078
eeg 819.200195312 799.460449219 781.365661621 791.235534668
eeg 792.880554199 799.460449219 755.045959473 764.91583252
eeg 871.839599609 852.09979248 860.324707031 870.194580078
eeg 871.839599609 878.419494629 860.324707031 896.514282227
eeg 871.839599609 825.780151367 755.045959473 896.514282227
eeg 845.519897461 799.460449219 755.045959473 817.555236816
eeg 819.200195312 799.460449219 755.045959473 764.91583252
eeg 871.839599609 746.821105957 702.406616211 843.874938965
eeg 898.159240723 852.09979248 807.68536377 870.194580078
eeg 845.519897461 878.419494629 807.68536377 843.874938965
a nan nan nan nan
b nan nan nan nan
d nan nan nan nan
g nan nan nan nan
t nan nan nan nan
h 4.0 4.0 4.0 4.0
c 0.0
Aa 0.0 0.0 0.0 0.0
Ab 0.0 0.0 0.0 0.0
Ad 0.0 0.0 0.0 0.0
Ag 0.0 0.0 0.0 0.0
At 0.0 0.0 0.0 0.0
as 0.0 0.0 0.0 0.0
bs 0.0 0.0 0.0 0.0
ds 0.0 0.0 0.0 0.0
gs 0.0 0.0 0.0 0.0
ts 0.0 0.0 0.0 0.0
eeg 871.839599609 773.14074707 755.045959473 843.874938965
eeg 819.200195312 773.14074707 755.045959473 791.235534668
eeg 792.880554199 773.14074707 755.045959473 738.596191406
eeg 845.519897461 852.09979248 807.68536377 870.194580078
eeg 845.519897461 904.739196777 860.324707031 870.194580078
eeg 819.200195312 825.780151367 807.68536377 870.194580078
eeg 792.880554199 799.460449219 807.68536377 791.235534668
eeg 792.880554199 799.460449219 807.68536377 764.91583252
eeg 845.519897461 773.14074707 755.045959473 843.874938965
eeg 896.514282227 886.64440918 888.289367676 903.094238281
eeg 843.874938965 924.478942871 916.25402832 850.454833984
eeg 870.194580078 806.040344238 812.620300293 850.454833984
eeg 843.874938965 786.300598145 787.945556641 797.815490723
eeg 791.235534668 776.430725098 764.91583252 745.176086426
eeg 843.874938965 858.679748535 865.259643555 850.454833984
eeg 870.194580078 935.993835449 934.348815918 850.454833984
eeg 817.555236816 819.200195312 832.360046387 850.454833984
eeg 817.555236816 791.235534668 802.750427246 797.815490723
eeg 791.235534668 825.780151367 820.845214844 797.815490723
eeg 843.874938965 796.170471191 778.075683594 850.454833984
eeg 896.514282227 881.709472656 901.44921875 903.094238281
eeg 843.874938965 908.029174805 916.25402832 850.454833984
a nan nan nan nan
b nan nan nan nan
d nan nan nan nan
g nan nan nan nan
t nan nan nan nan
h 4.0 4.0 4.0 4.0
c 0.0
Aa 0.0 0.0 0.0 0.0
Ab 0.0 0.0 0.0 0.0
Ad 0.0 0.0 0.0 0.0
Ag 0.0 0.0 0.0 0.0
At 0.0 0.0 0.0 0.0
as 0.0 0.0 0.0 0.0
bs 0.0 0.0 0.0 0.0
ds 0.0 0.0 0.0 0.0
gs 0.0 0.0 0.0 0.0
ts 0.0 0.0 0.0 0.0
eeg 843.874938965 799.460449219 810.975280762 850.454833984
eeg 843.874938965 779.720703125 781.365661621 850.454833984
eeg 791.235534668 791.235534668 773.14074707 797.815490723
eeg 843.874938965 871.839599609 875.129516602 903.094238281
eeg 876.774536133 924.478942871 934.348815918 876.774536133
eeg 807.68536377 845.519897461 829.070068359 824.135131836
eeg 797.815490723 819.200195312 796.170471191 745.176086426
eeg 781.365661621 845.519897461 829.070068359 718.856384277
eeg 850.454833984 845.519897461 796.170471191 797.815490723
eeg 906.384155273 898.159240723 888.289367676 850.454833984
eeg 824.135131836 950.79864502 921.188964844 797.815490723
eeg 830.715087891 819.200195312 789.590576172 797.815490723
eeg 824.135131836 819.200195312 789.590576172 797.815490723
eeg 768.205810547 819.200195312 783.010620117 745.176086426
eeg 847.164855957 871.839599609 868.549621582 876.774536133
eeg 873.484558105 924.478942871 927.768920898 876.774536133
eeg 807.68536377 819.200195312 822.49017334 824.135131836
eeg 801.105407715 792.880554199 783.010620117 797.815490723
eeg 787.945556641 819.200195312 829.070068359 771.495788574
eeg 863.614685059 819.200195312 802.750427246 850.454833984
eeg 863.614685059 845.519897461 855.389770508 876.774536133
eeg 784.655639648 898.159240723 908.029174805 797.815490723
a nan nan nan nan
b nan nan nan nan
d nan nan nan nan
g nan nan nan nan
t nan nan nan nan
h 4.0 4.0 4.0 4.0
c 0.0
Aa 0.0 0.0 0.0 0.0
Ab 0.0 0.0 0.0 0.0
Ad 0.0 0.0 0.0 0.0
Ag 0.0 0.0 0.0 0.0
At 0.0 0.0 0.0 0.0
as 0.0 0.0 0.0 0.0
bs 0.0 0.0 0.0 0.0
ds 0.0 0.0 0.0 0.0
gs 0.0 0.0 0.0 0.0
ts 0.0 0.0 0.0 0.0
eeg 784.655639648 792.880554199 802.750427246 797.815490723
eeg 784.655639648 792.880554199 802.750427246 797.815490723
eeg 732.016235352 819.200195312 802.750427246 745.176086426
eeg 810.975280762 871.839599609 855.389770508 850.454833984
eeg 837.29498291 898.159240723 908.029174805 876.774536133
eeg 784.655639648 792.880554199 855.389770508 797.815490723
eeg 784.655639648 766.560852051 802.750427246 771.495788574
eeg 784.655639648 819.200195312 802.750427246 771.495788574
eeg 837.29498291 819.200195312 802.750427246 850.454833984
eeg 889.934387207 845.519897461 855.389770508 903.094238281
eeg 810.975280762 924.478942871 908.029174805 824.135131836
eeg 810.975280762 792.880554199 802.750427246 797.815490723
eeg 810.975280762 792.880554199 802.750427246 797.815490723
eeg 784.655639648 819.200195312 802.750427246 771.495788574
eeg 837.29498291 871.839599609 908.029174805 876.774536133
eeg 863.614685059 977.118347168 960.668518066 903.094238281
eeg 784.655639648 871.839599609 855.389770508 797.815490723
eeg 784.655639648 819.200195312 855.389770508 797.815490723
eeg 784.655639648 871.839599609 908.029174805 797.815490723
eeg 837.29498291 871.839599609 908.029174805 876.774536133
eeg 863.614685059 871.839599609 908.029174805 929.413879395
eeg 784.655639648 924.478942871 960.668518066 824.135131836
a nan nan nan nan
b nan nan nan nan
d nan nan nan nan
g nan nan nan nan
t nan nan nan nan
h 4.0 4.0 4.0 4.0
c 0.0
Aa 0.0 0.0 0.0 0.0
Ab 0.0 0.0 0.0 0.0
Ad 0.0 0.0 0.0 0.0
Ag 0.0 0.0 0.0 0.0
At 0.0 0.0 0.0 0.0
as 0.0 0.0 0.0 0.0
bs 0.0 0.0 0.0 0.0
ds 0.0 0.0 0.0 0.0
gs 0.0 0.0 0.0 0.0
ts 0.0 0.0 0.0 0.0
eeg 784.655639648 819.200195312 855.389770508 797.815490723
eeg 810.975280762 819.200195312 855.389770508 797.815490723
eeg 784.655639648 871.839599609 855.389770508 771.495788574
eeg 837.29498291 871.839599609 908.029174805 850.454833984
eeg 863.614685059 871.839599609 908.029174805 876.774536133
eeg 810.975280762 819.200195312 855.389770508 771.495788574
eeg 810.975280762 766.560852051 802.750427246 771.495788574
eeg 810.975280762 819.200195312 855.389770508 771.495788574
eeg 857.034729004 848.809875488 829.070068359 876.774536133
eeg 909.674133301 866.904663086 829.070068359 929.413879395
eeg 817.555236816 927.768920898 908.029174805 824.135131836
eeg 797.815490723 799.460449219 776.430725098 824.135131836
eeg 830.715087891 776.430725098 776.430725098 824.135131836
eeg 804.395385742 857.034729004 829.070068359 824.135131836
eeg 837.29498291 870.194580078 855.389770508 876.774536133
eeg 883.354431152 919.544006348 881.709472656 929.413879395
eeg 804.395385742 804.395385742 802.750427246 824.135131836
eeg 797.815490723 755.045959473 750.111022949 824.135131836
eeg 837.29498291 847.164855957 829.070068359 824.135131836
eeg 863.614685059 870.194580078 829.070068359 876.774536133
eeg 909.674133301 871.839599609 855.389770508 929.413879395
eeg 824.135131836 901.44921875 881.709472656 824.135131836
a nan nan nan nan
b nan nan nan nan
d nan nan nan nan
g nan nan nan nan
t nan nan nan nan
h 4.0 4.0 4.0 4.0
c 0.0
Aa 0.0 0.0 0.0 0.0
Ab 0.0 0.0 0.0 0.0
Ad 0.0 0.0 0.0 0.0
Ag 0.0 0.0 0.0 0.0
At 0.0 0.0 0.0 0.0
as 0.0 0.0 0.0 0.0
bs 0.0 0.0 0.0 0.0
ds 0.0 0.0 0.0 0.0
gs 0.0 0.0 0.0 0.0
ts 0.0 0.0 0.0 0.0
eeg 791.235534668 797.815490723 776.430725098 824.135131836
eeg 843.874938965 774.785766602 776.430725098 824.135131836
eeg 815.91027832 880.064453125 855.389770508 797.815490723
eeg 842.229919434 906.384155273 908.029174805 850.454833984
eeg 898.159240723 906.384155273 908.029174805 903.094238281
eeg 817.555236816 827.425109863 829.070068359 771.495788574
eeg 783.010620117 774.785766602 776.430725098 771.495788574
eeg 847.164855957 853.744812012 855.389770508 797.815490723
eeg 858.679748535 853.744812012 855.389770508 850.454833984
eeg 908.029174805 827.425109863 855.389770508 903.094238281
eeg 806.040344238 880.064453125 881.709472656 797.815490723
eeg 783.010620117 801.105407715 776.430725098 771.495788574
eeg 834.005004883 774.785766602 776.430725098 824.135131836
eeg 830.715087891 880.064453125 855.389770508 824.135131836
eeg 834.005004883 880.064453125 881.709472656 850.454833984
eeg 889.934387207 880.064453125 881.709472656 903.094238281
eeg 801.105407715 801.105407715 802.750427246 771.495788574
eeg 779.720703125 748.466064453 750.111022949 771.495788574
eeg 840.584960938 827.425109863 858.679748535 824.135131836
eeg 865.259643555 853.744812012 878.419494629 903.094238281
eeg 901.44921875 853.744812012 865.259643555 955.733581543
eeg 802.750427246 853.744812012 901.44921875 876.774536133
a nan nan nan nan
b nan nan nan nan
d nan nan nan nan
g nan nan nan nan
t nan nan nan nan
h 4.0 4.0 4.0 4.0
c 0.0
Aa 0.0 0.0 0.0 0.0
Ab 0.0 0.0 0.0 0.0
Ad 0.0 0.0 0.0 0.0
Ag 0.0 0.0 0.0 0.0
At 0.0 0.0 0.0 0.0
as 0.0 0.0 0.0 0.0
bs 0.0 0.0 0.0 0.0
ds 0.0 0.0 0.0 0.0
gs 0.0 0.0 0.0 0.0
ts 0.0 0.0 0.0 0.0
eeg 779.720703125 801.105407715 812.620300293 824.135131836
eeg 829.070068359 748.466064453 766.560852051 876.774536133
eeg 842.229919434 880.064453125 894.86932373 876.774536133
eeg 827.425109863 880.064453125 904.739196777 876.774536133
eeg 891.579345703 880.064453125 904.739196777 955.733581543
eeg 797.815490723 801.105407715 819.200195312 824.135131836
eeg 781.365661621 774.785766602 750.111022949 824.135131836
eeg 843.874938965 880.064453125 855.389770508 876.774536133
eeg 868.549621582 906.384155273 891.579345703 903.094238281
eeg 893.224304199 880.064453125 875.129516602 929.413879395
eeg 806.040344238 880.064453125 888.289367676 824.135131836
eeg 776.430725098 827.425109863 822.49017334 771.495788574
eeg 834.005004883 722.146362305 743.53112793 876.774536133
eeg 852.09979248 827.425109863 875.129516602 929.413879395
eeg 829.070068359 827.425109863 875.129516602 929.413879395
eeg 898.159240723 827.425109863 875.129516602 982.053283691
eeg 814.265258789 774.785766602 796.170471191 876.774536133
eeg 779.720703125 722.146362305 743.53112793 876.774536133
eeg 847.164855957 827.425109863 875.129516602 929.413879395
eeg 871.839599609 827.425109863 875.129516602 929.413879395
eeg 884.999450684 774.785766602 848.809875488 929.413879395
eeg 804.395385742 774.785766602 848.809875488 824.135131836
a nan nan nan nan
b nan nan nan nan
d nan nan nan nan
g nan nan nan nan
t nan nan nan nan
h 4.0 4.0 4.0 4.0
c 0.0
Aa 0.0 0.0 0.0 0.0
Ab 0.0 0.0 0.0 0.0
Ad 0.0 0.0 0.0 0.0
Ag 0.0 0.0 0.0 0.0
At 0.0 0.0 0.0 0.0
as 0.0 0.0 0.0 0.0
bs 0.0 0.0 0.0 0.0
ds 0.0 0.0 0.0 0.0
gs 0.0 0.0 0.0 0.0
ts 0.0 0.0 0.0 0.0
eeg 774.785766602 774.785766602 822.49017334 771.495788574
eeg 843.874938965 722.146362305 769.850830078 824.135131836
eeg 863.614685059 827.425109863 901.44921875 824.135131836
eeg 829.070068359 827.425109863 901.44921875 824.135131836
eeg 903.094238281 827.425109863 875.129516602 876.774536133
eeg 815.91027832 774.785766602 822.49017334 771.495788574
eeg 791.235534668 755.045959473 750.111022949 766.560852051
eeg 843.874938965 807.68536377 829.070068359 871.839599609
eeg 843.874938965 860.324707031 829.070068359 871.839599609
eeg 843.874938965 807.68536377 776.430725098 898.159240723
eeg 791.235534668 807.68536377 750.111022949 819.200195312
eeg 764.91583252 807.68536377 750.111022949 766.560852051
eeg 817.555236816 728.726318359 671.151977539 845.519897461
eeg 843.874938965 860.324707031 829.070068359 871.839599609
eeg 817.555236816 860.324707031 829.070068359 845.519897461
eeg 870.194580078 834.005004883 802.750427246 871.839599609
eeg 791.235534668 781.365661621 750.111022949 792.880554199
eeg 764.91583252 781.365661621 723.791320801 766.560852051
eeg 817.555236816 886.64440918 829.070068359 871.839599609
eeg 843.874938965 912.964111328 881.709472656 871.839599609
eeg 843.874938965 834.005004883 829.070068359 871.839599609
eeg 791.235534668 834.005004883 829.070068359 792.880554199
a nan nan nan nan
b nan nan nan nan
d nan nan nan nan
g nan nan nan nan
t nan nan nan nan
h 4.0 4.0 4.0 4.0
c 0.0
Aa 0.0 0.0 0.0 0.0
Ab 0.0 0.0 0.0 0.0
Ad 0.0 0.0 0.0 0.0
Ag 0.0 0.0 0.0 0.0
At 0.0 0.0 0.0 0.0
as 0.0 0.0 0.0 0.0
bs 0.0 0.0 0.0 0.0
ds 0.0 0.0 0.0 0.0
gs 0.0 0.0 0.0 0.0
ts 0.0 0.0 0.0 0.0
eeg 764.91583252 834.005004883 829.070068359 740.241149902
eeg 817.555236816 728.726318359 723.791320801 845.519897461
eeg 843.874938965 834.005004883 829.070068359 898.159240723
eeg 791.235534668 834.005004883 829.070068359 898.159240723
eeg 843.874938965 781.365661621 776.430725098 924.478942871
eeg 791.235534668 781.365661621 723.791320801 845.519897461
eeg 764.91583252 781.365661621 723.791320801 792.880554199
eeg 817.555236816 834.005004883 829.070068359 898.159240723
eeg 843.874938965 886.64440918 881.709472656 898.159240723
eeg 817.555236816 781.365661621 829.070068359 898.159240723
eeg 764.91583252 781.365661621 829.070068359 819.200195312
eeg 764.91583252 834.005004883 829.070068359 766.560852051
eeg 843.874938965 781.365661621 723.791320801 845.519897461
eeg 870.194580078 834.005004883 829.070068359 871.839599609
eeg 817.555236816 886.64440918 881.709472656 845.519897461
eeg 843.874938965 781.365661621 776.430725098 845.519897461
eeg 843.874938965 781.365661621 776.430725098 792.880554199
eeg 771.495788574 834.005004883 723.791320801 740.241149902
eeg 857.034729004 939.283752441 776.430725098 845.519897461
eeg 870.194580078 939.283752441 829.070068359 845.519897461
eeg 817.555236816 834.005004883 776.430725098 845.519897461
eeg 791.235534668 834.005004883 776.430725098 792.880554199
a nan nan nan nan
b nan nan nan nan
d nan nan nan nan
g nan nan nan nan
t nan nan nan nan
h 4.0 4.0 4.0 4.0
c 0.0
Aa 0.0 0.0 0.0 0.0
Ab 0.0 0.0 0.0 0.0
Ad 0.0 0.0 0.0 0.0
Ag 0.0 0.0 0.0 0.0
At 0.0 0.0 0.0 0.0
as 0.0 0.0 0.0 0.0
bs 0.0 0.0 0.0 0.0
ds 0.0 0.0 0.0 0.0
gs 0.0 0.0 0.0 0.0
ts 0.0 0.0 0.0 0.0
eeg 771.495788574 886.64440918 829.070068359 792.880554199
eeg 857.034729004 834.005004883 776.430725098 845.519897461
eeg 896.514282227 886.64440918 829.070068359 898.159240723
eeg 810.975280762 939.283752441 829.070068359 845.519897461
eeg 837.29498291 834.005004883 723.791320801 845.519897461
eeg 824.135131836 834.005004883 723.791320801 792.880554199
eeg 751.75604248 834.005004883 723.791320801 740.241149902
eeg 830.715087891 886.64440918 776.430725098 845.519897461
eeg 870.194580078 886.64440918 829.070068359 845.519897461
eeg 804.395385742 834.005004883 776.430725098 845.519897461
eeg 797.815490723 781.365661621 776.430725098 792.880554199
eeg 797.815490723 834.005004883 829.070068359 740.241149902
eeg 850.454833984 834.005004883 829.070068359 819.200195312
eeg 903.094238281 886.64440918 881.709472656 871.839599609
eeg 824.135131836 939.283752441 934.348815918 819.200195312
eeg 824.135131836 834.005004883 829.070068359 819.200195312
eeg 824.135131836 834.005004883 829.070068359 792.880554199
eeg 771.495788574 834.005004883 829.070068359 740.241149902
eeg 850.454833984 886.64440918 881.709472656 871.839599609
eeg 850.454833984 886.64440918 934.348815918 871.839599609
eeg 797.815490723 834.005004883 881.709472656 845.519897461
eeg 797.815490723 781.365661621 829.070068359 792.880554199
a nan nan nan nan
b nan nan nan nan
d nan nan nan nan
g nan nan nan nan
t nan nan nan nan
h 4.0 4.0 4.0 4.0
c 0.0
Aa 0.0 0.0 0.0 0.0
Ab 0.0 0.0 0.0 0.0
Ad 0.0 0.0 0.0 0.0
Ag 0.0 0.0 0.0 0.0
At 0.0 0.0 0.0 0.0
as 0.0 0.0 0.0 0.0
bs 0.0 0.0 0.0 0.0
ds 0.0 0.0 0.0 0.0
gs 0.0 0.0 0.0 0.0
ts 0.0 0.0 0.0 0.0
eeg 797.815490723 834.005004883 829.070068359 766.560852051
eeg 876.774536133 834.005004883 829.070068359 845.519897461
eeg 903.094238281 834.005004883 881.709472656 898.159240723
eeg 824.135131836 886.64440918 934.348815918 819.200195312
eeg 824.135131836 781.365661621 829.070068359 819.200195312
eeg 797.815490723 834.005004883 789.590576172 792.880554199
eeg 745.176086426 834.005004883 809.330322266 713.921447754
eeg 824.135131836 886.64440918 901.44921875 845.519897461
eeg 850.454833984 886.64440918 934.348815918 845.519897461
eeg 797.815490723 834.005004883 829.070068359 792.880554199
eeg 797.815490723 781.365661621 776.430725098 766.560852051
eeg 797.815490723 834.005004883 835.650024414 740.241149902
eeg 850.454833984 834.005004883 835.650024414 819.200195312
eeg 903.094238281 834.005004883 875.129516602 871.839599609
eeg 824.135131836 886.64440918 947.508666992 792.880554199
eeg 824.135131836 781.365661621 802.750427246 792.880554199
eeg 824.135131836 781.365661621 802.750427246 792.880554199
eeg 797.815490723 834.005004883 829.070068359 766.560852051
eeg 850.454833984 886.64440918 894.86932373 871.839599609
eeg 876.774536133 886.64440918 927.768920898 898.159240723
eeg 797.815490723 834.005004883 829.070068359 819.200195312
eeg 824.135131836 807.68536377 829.070068359 792.880554199
a nan nan nan nan
b nan nan nan nan
d nan nan nan nan
g nan nan nan nan
t nan nan nan nan
h 4.0 4.0 4.0 4.0
c 0.0
Aa 0.0 0.0 0.0 0.0
Ab 0.0 0.0 0.0 0.0
Ad 0.0 0.0 0.0 0.0
Ag 0.0 0.0 0.0 0.0
At 0.0 0.0 0.0 0.0
as 0.0 0.0 0.0 0.0
bs 0.0 0.0 0.0 0.0
ds 0.0 0.0 0.0 0.0
gs 0.0 0.0 0.0 0.0
ts 0.0 0.0 0.0 0.0
eeg 824.135131836 886.64440918 934.348815918 773.14074707
eeg 876.774536133 886.64440918 934.348815918 865.259643555
eeg 903.094238281 886.64440918 934.348815918 931.058898926
eeg 824.135131836 939.283752441 986.988220215 832.360046387
eeg 824.135131836 834.005004883 881.709472656 806.040344238
eeg 850.454833984 807.68536377 881.709472656 812.620300293
eeg 824.135131836 886.64440918 934.348815918 773.14074707
eeg 850.454833984 912.964111328 986.988220215 871.839599609
eeg 903.094238281 912.964111328 986.988220215 911.319091797
eeg 850.454833984 834.005004883 934.348815918 792.880554199
eeg 824.135131836 781.365661621 881.709472656 779.720703125
eeg 850.454833984 886.64440918 934.348815918 773.14074707
eeg 876.774536133 886.64440918 934.348815918 865.259643555
eeg 903.094238281 886.64440918 934.348815918 931.058898926
eeg 824.135131836 912.964111328 934.348815918 819.200195312
eeg 791.235534668 860.324707031 802.750427246 792.880554199
eeg 848.809875488 807.68536377 776.430725098 815.91027832
eeg 815.91027832 912.964111328 855.389770508 789.590576172
eeg 843.874938965 912.964111328 881.709472656 861.969726562
eeg 899.804260254 912.964111328 881.709472656 921.188964844
eeg 806.040344238 860.324707031 802.750427246 789.590576172
eeg 787.945556641 807.68536377 750.111022949 779.720703125
a nan nan nan nan
b nan nan nan nan
d nan nan nan nan
g nan nan nan nan
t nan nan nan nan
h 4.0 4.0 4.0 4.0
c 0.0
Aa 0.0 0.0 0.0 0.0
Ab 0.0 0.0 0.0 0.0
Ad 0.0 0.0 0.0 0.0
Ag 0.0 0.0 0.0 0.0
At 0.0 0.0 0.0 0.0
as 0.0 0.0 0.0 0.0
bs 0.0 0.0 0.0 0.0
ds 0.0 0.0 0.0 0.0
gs 0.0 0.0 0.0 0.0
ts 0.0 0.0 0.0 0.0
eeg 842.229919434 912.964111328 855.389770508 786.300598145
eeg 873.484558105 912.964111328 855.389770508 871.839599609
eeg 911.319091797 912.964111328 855.389770508 934.348815918
eeg 804.395385742 912.964111328 881.709472656 822.49017334
eeg 781.365661621 860.324707031 829.070068359 786.300598145
eeg 843.874938965 807.68536377 750.111022949 815.91027832
eeg 832.360046387 912.964111328 881.709472656 809.330322266
eeg 820.845214844 912.964111328 908.029174805 865.259643555
eeg 912.964111328 912.964111328 908.029174805 931.058898926
eeg 807.68536377 755.045959473 750.111022949 825.780151367
eeg 755.045959473 702.406616211 697.471679688 852.09979248
eeg 807.68536377 860.324707031 855.389770508 852.09979248
eeg 860.324707031 860.324707031 855.389770508 904.739196777
eeg 860.324707031 807.68536377 855.389770508 957.378540039
eeg 755.045959473 807.68536377 855.389770508 852.09979248
eeg 755.045959473 807.68536377 855.389770508 825.780151367
eeg 834.005004883 702.406616211 750.111022949 852.09979248
eeg 834.005004883 860.324707031 855.389770508 852.09979248
eeg 807.68536377 912.964111328 908.029174805 878.419494629
eeg 912.964111328 860.324707031 855.389770508 931.058898926
eeg 834.005004883 807.68536377 802.750427246 799.460449219
eeg 781.365661621 807.68536377 802.750427246 799.460449219
a nan nan nan nan
b nan nan nan nan
d nan nan nan nan
g nan nan nan nan
t nan nan nan nan
h 4.0 4.0 4.0 4.0
c 0.0
Aa 0.0 0.0 0.0 0.0
Ab 0.0 0.0 0.0 0.0
Ad 0.0 0.0 0.0 0.0
Ag 0.0 0.0 0.0 0.0
At 0.0 0.0 0.0 0.0
as 0.0 0.0 0.0 0.0
bs 0.0 0.0 0.0 0.0
ds 0.0 0.0 0.0 0.0
gs 0.0 0.0 0.0 0.0
ts 0.0 0.0 0.0 0.0
eeg 860.324707031 912.964111328 908.029174805 825.780151367
eeg 886.64440918 912.964111328 908.029174805 878.419494629
eeg 886.64440918 860.324707031 855.389770508 931.058898926
eeg 789.590576172 827.425109863 845.519897461 819.200195312
eeg 789.590576172 853.744812012 792.880554199 819.200195312
eeg 868.549621582 748.466064453 740.241149902 898.159240723
eeg 894.86932373 880.064453125 898.159240723 924.478942871
eeg 842.229919434 906.384155273 898.159240723 924.478942871
eeg 921.188964844 827.425109863 845.519897461 1003.43798828
eeg 842.229919434 774.785766602 792.880554199 871.839599609
eeg 789.590576172 774.785766602 792.880554199 871.839599609
eeg 842.229919434 880.064453125 898.159240723 924.478942871
eeg 894.86932373 906.384155273 898.159240723 950.79864502
eeg 894.86932373 853.744812012 845.519897461 977.118347168
eeg 842.229919434 827.425109863 845.519897461 871.839599609
eeg 815.91027832 853.744812012 845.519897461 819.200195312
eeg 868.549621582 801.105407715 792.880554199 871.839599609
eeg 894.86932373 906.384155273 898.159240723 871.839599609
eeg 842.229919434 932.703857422 898.159240723 871.839599609
eeg 868.549621582 827.425109863 845.519897461 924.478942871
eeg 789.590576172 801.105407715 792.880554199 819.200195312
eeg 736.951171875 801.105407715 740.241149902 845.519897461
a nan nan nan nan
b nan nan nan nan
d nan nan nan nan
g nan nan nan nan
t nan nan nan nan
h 4.0 4.0 4.0 4.0
c 0.0
Aa 0.0 0.0 0.0 0.0
Ab 0.0 0.0 0.0 0.0
Ad 0.0 0.0 0.0 0.0
Ag 0.0 0.0 0.0 0.0
At 0.0 0.0 0.0 0.0
as 0.0 0.0 0.0 0.0
bs 0.0 0.0 0.0 0.0
ds 0.0 0.0 0.0 0.0
gs 0.0 0.0 0.0 0.0
ts 0.0 0.0 0.0 0.0
eeg 815.91027832 906.384155273 819.200195312 924.478942871
eeg 842.229919434 959.02355957 871.839599609 977.118347168
eeg 815.91027832 880.064453125 819.200195312 1003.43798828
eeg 789.590576172 827.425109863 792.880554199 898.159240723
eeg 763.270874023 853.744812012 819.200195312 845.519897461
eeg 842.229919434 801.105407715 766.560852051 924.478942871
eeg 868.549621582 906.384155273 871.839599609 924.478942871
eeg 815.91027832 932.703857422 898.159240723 924.478942871
eeg 842.229919434 827.425109863 792.880554199 977.118347168
eeg 815.91027832 801.105407715 766.560852051 845.519897461
eeg 763.270874023 801.105407715 766.560852051 819.200195312
eeg 842.229919434 880.064453125 871.839599609 898.159240723
eeg 868.549621582 932.703857422 924.478942871 898.159240723
eeg 842.229919434 853.744812012 845.519897461 924.478942871
eeg 789.590576172 853.744812012 819.200195312 819.200195312
eeg 789.590576172 906.384155273 871.839599609 766.560852051
eeg 868.549621582 906.384155273 819.200195312 845.519897461
eeg 894.86932373 959.02355957 924.478942871 871.839599609
eeg 842.229919434 1011.66290283 924.478942871 871.839599609
eeg 842.229919434 906.384155273 819.200195312 924.478942871
eeg 815.91027832 906.384155273 819.200195312 819.200195312
eeg 789.590576172 906.384155273 819.200195312 792.880554199
a nan nan nan nan
b nan nan nan nan
d nan nan nan nan
g nan nan nan nan
t nan nan nan nan
h 4.0 4.0 4.0 4.0
c 0.0
Aa 0.0 0.0 0.0 0.0
Ab 0.0 0.0 0.0 0.0
Ad 0.0 0.0 0.0 0.0
Ag 0.0 0.0 0.0 0.0
At 0.0 0.0 0.0 0.0
as 0.0 0.0 0.0 0.0
bs 0.0 0.0 0.0 0.0
ds 0.0 0.0 0.0 0.0
gs 0.0 0.0 0.0 0.0
ts 0.0 0.0 0.0 0.0
eeg 868.549621582 959.02355957 898.159240723 898.159240723
eeg 868.549621582 959.02355957 950.79864502 898.159240723
eeg 815.91027832 906.384155273 871.839599609 898.159240723
eeg 815.91027832 853.744812012 819.200195312 819.200195312
eeg 789.590576172 853.744812012 845.519897461 766.560852051
eeg 842.229919434 853.744812012 819.200195312 845.519897461
eeg 894.86932373 906.384155273 898.159240723 871.839599609
eeg 815.91027832 959.02355957 924.478942871 845.519897461
eeg 815.91027832 853.744812012 766.560852051 871.839599609
eeg 815.91027832 853.744812012 766.560852051 792.880554199
eeg 763.270874023 853.744812012 766.560852051 766.560852051
eeg 842.229919434 906.384155273 819.200195312 871.839599609
eeg 868.549621582 906.384155273 871.839599609 898.159240723
eeg 815.91027832 853.744812012 819.200195312 898.159240723
eeg 815.91027832 801.105407715 766.560852051 819.200195312
eeg 815.91027832 853.744812012 819.200195312 766.560852051
eeg 868.549621582 853.744812012 819.200195312 845.519897461
eeg 921.188964844 906.384155273 871.839599609 871.839599609
eeg 842.229919434 959.02355957 924.478942871 845.519897461
eeg 842.229919434 853.744812012 819.200195312 871.839599609
eeg 842.229919434 853.744812012 819.200195312 819.200195312
eeg 789.590576172 853.744812012 819.200195312 766.560852051
a nan nan nan nan
b nan nan nan nan
d nan nan nan nan
g nan nan nan nan
t nan nan nan nan
h 4.0 4.0 4.0 4.0
c 0.0
Aa 0.0 0.0 0.0 0.0
Ab 0.0 0.0 0.0 0.0
Ad 0.0 0.0 0.0 0.0
Ag 0.0 0.0 0.0 0.0
At 0.0 0.0 0.0 0.0
as 0.0 0.0 0.0 0.0
bs 0.0 0.0 0.0 0.0
ds 0.0 0.0 0.0 0.0
gs 0.0 0.0 0.0 0.0
ts 0.0 0.0 0.0 0.0
eeg 868.549621582 906.384155273 924.478942871 898.159240723
eeg 894.86932373 906.384155273 924.478942871 898.159240723
eeg 815.91027832 906.384155273 845.519897461 845.519897461
eeg 789.590576172 853.744812012 819.200195312 792.880554199
eeg 789.590576172 906.384155273 924.478942871 792.880554199
eeg 868.549621582 906.384155273 924.478942871 845.519897461
eeg 894.86932373 906.384155273 950.79864502 898.159240723
eeg 815.91027832 959.02355957 1003.43798828 845.519897461
eeg 815.91027832 853.744812012 871.839599609 845.519897461
eeg 842.229919434 853.744812012 845.519897461 792.880554199
eeg 789.590576172 906.384155273 871.839599609 740.241149902
eeg 842.229919434 959.02355957 924.478942871 845.519897461
eeg 894.86932373 959.02355957 950.79864502 845.519897461
eeg 815.91027832 906.384155273 871.839599609 845.519897461
eeg 815.91027832 853.744812012 792.880554199 792.880554199
eeg 815.91027832 906.384155273 871.839599609 792.880554199
eeg 868.549621582 906.384155273 871.839599609 845.519897461
eeg 921.188964844 906.384155273 898.159240723 898.159240723
eeg 809.330322266 906.384155273 898.159240723 792.880554199
eeg 796.170471191 801.105407715 740.241149902 792.880554199
eeg 815.91027832 774.785766602 740.241149902 792.880554199
eeg 796.170471191 853.744812012 792.880554199 740.241149902
a nan nan nan nan
b nan nan nan nan
d nan nan nan nan
g nan nan nan nan
t nan nan nan nan
h 4.0 4.0 4.0 4.0
c 0.0
Aa 0.0 0.0 0.0 0.0
Ab 0.0 0.0 0.0 0.0
Ad 0.0 0.0 0.0 0.0
Ag 0.0 0.0 0.0 0.0
At 0.0 0.0 0.0 0.0
as 0.0 0.0 0.0 0.0
bs 0.0 0.0 0.0 0.0
ds 0.0 0.0 0.0 0.0
gs 0.0 0.0 0.0 0.0
ts 0.0 0.0 0.0 0.0
eeg 848.809875488 880.064453125 845.519897461 845.519897461
eeg 888.289367676 880.064453125 845.519897461 845.519897461
eeg 809.330322266 801.105407715 792.880554199 845.519897461
eeg 783.010620117 748.466064453 740.241149902 792.880554199
eeg 822.49017334 880.064453125 845.519897461 792.880554199
eeg 875.129516602 880.064453125 845.519897461 845.519897461
eeg 914.609069824 880.064453125 845.519897461 898.159240723
eeg 776.430725098 906.384155273 898.159240723 845.519897461
eeg 789.590576172 853.744812012 845.519897461 845.519897461
eeg 848.809875488 774.785766602 792.880554199 845.519897461
eeg 822.49017334 906.384155273 898.159240723 792.880554199
eeg 829.070068359 932.703857422 898.159240723 898.159240723
eeg 901.44921875 906.384155273 924.478942871 871.839599609
eeg 802.750427246 801.105407715 845.519897461 819.200195312
eeg 789.590576172 722.146362305 792.880554199 792.880554199
eeg 848.809875488 801.105407715 898.159240723 766.560852051
eeg 855.389770508 827.425109863 898.159240723 845.519897461
eeg 914.609069824 827.425109863 898.159240723 898.159240723
eeg 815.91027832 827.425109863 898.159240723 819.200195312
eeg 789.590576172 774.785766602 819.200195312 819.200195312
eeg 829.070068359 748.466064453 792.880554199 819.200195312
eeg 835.650024414 880.064453125 898.159240723 766.560852051
a nan nan nan nan
b nan nan nan nan
d nan nan nan nan
g nan nan nan nan
t nan nan nan nan
h 4.0 4.0 4.0 4.0
c 0.0
Aa 0.0 0.0 0.0 0.0
Ab 0.0 0.0 0.0 0.0
Ad 0.0 0.0 0.0 0.0
Ag 0.0 0.0 0.0 0.0
At 0.0 0.0 0.0 0.0
as 0.0 0.0 0.0 0.0
bs 0.0 0.0 0.0 0.0
ds 0.0 0.0 0.0 0.0
gs 0.0 0.0 0.0 0.0
ts 0.0 0.0 0.0 0.0
eeg 842.229919434 880.064453125 898.159240723 871.839599609
eeg 894.86932373 880.064453125 898.159240723 898.159240723
eeg 796.170471191 827.425109863 845.519897461 819.200195312
eeg 789.590576172 774.785766602 766.560852051 792.880554199
eeg 855.389770508 880.064453125 871.839599609 792.880554199
eeg 855.389770508 906.384155273 898.159240723 871.839599609
eeg 908.029174805 886.64440918 871.839599609 924.478942871
eeg 809.330322266 866.904663086 871.839599609 845.519897461
eeg 776.430725098 814.265258789 819.200195312 845.519897461
eeg 825.780151367 748.466064453 766.560852051 845.519897461
eeg 838.940002441 899.804260254 898.159240723 819.200195312
eeg 835.650024414 899.804260254 898.159240723 898.159240723
eeg 898.159240723 880.064453125 898.159240723 924.478942871
eeg 802.750427246 814.265258789 819.200195312 819.200195312
eeg 783.010620117 741.886108398 766.560852051 819.200195312
eeg 852.09979248 873.484558105 871.839599609 819.200195312
eeg 868.549621582 899.804260254 871.839599609 898.159240723
eeg 901.44921875 860.324707031 871.839599609 950.79864502
eeg 809.330322266 853.744812012 871.839599609 845.519897461
eeg 773.14074707 834.005004883 819.200195312 819.200195312
eeg 829.070068359 755.045959473 792.880554199 819.200195312
eeg 848.809875488 926.123962402 924.478942871 792.880554199
a nan nan nan nan
b nan nan nan nan
d nan nan nan nan
g nan nan nan nan
t nan nan nan nan
h 4.0 4.0 4.0 4.0
c 0.0
Aa 0.0 0.0 0.0 0.0
Ab 0.0 0.0 0.0 0.0
Ad 0.0 0.0 0.0 0.0
Ag 0.0 0.0 0.0 0.0
At 0.0 0.0 0.0 0.0
as 0.0 0.0 0.0 0.0
bs 0.0 0.0 0.0 0.0
ds 0.0 0.0 0.0 0.0
gs 0.0 0.0 0.0 0.0
ts 0.0 0.0 0.0 0.0
eeg 837.29498291 914.609069824 912.964111328 868.549621582
eeg 903.094238281 861.969726562 893.224304199 894.86932373
eeg 804.395385742 783.010620117 820.845214844 789.590576172
eeg 784.655639648 704.051574707 748.466064453 789.590576172
eeg 850.454833984 809.330322266 873.484558105 789.590576172
eeg 870.194580078 835.650024414 899.804260254 868.549621582
eeg 896.514282227 809.330322266 860.324707031 921.188964844
eeg 804.395385742 809.330322266 860.324707031 815.91027832
eeg 771.495788574 809.330322266 834.005004883 789.590576172
eeg 837.29498291 730.371276855 748.466064453 815.91027832
eeg 857.034729004 888.289367676 912.964111328 815.91027832
eeg 837.29498291 888.289367676 906.384155273 868.549621582
eeg 909.674133301 835.650024414 880.064453125 921.188964844
eeg 817.555236816 783.010620117 827.425109863 789.590576172
eeg 778.075683594 756.690979004 755.045959473 789.590576172
eeg 850.454833984 888.289367676 880.064453125 789.590576172
eeg 876.774536133 914.609069824 912.964111328 868.549621582
