eeg 677.731872559 819.200195312 806.040344238 797.815490723
eeg 677.731872559 792.880554199 806.040344238 850.454833984
eeg 662.927062988 792.880554199 806.040344238 903.094238281
eeg 672.796936035 740.241149902 753.401000977 797.815490723
eeg 685.956787109 871.839599609 858.679748535 797.815490723
eeg 697.471679688 871.839599609 858.679748535 797.815490723
eeg 704.051574707 819.200195312 858.679748535 850.454833984
eeg 692.536743164 792.880554199 806.040344238 903.094238281
eeg 664.57208252 766.560852051 806.040344238 797.815490723
eeg 692.536743164 845.519897461 858.679748535 797.815490723
eeg 687.601806641 898.159240723 911.319091797 797.815490723
eeg 695.826660156 819.200195312 858.679748535 797.815490723
a nan nan nan nan
b nan nan nan nan
d nan nan nan nan
g nan nan nan nan
t nan nan nan nan
h 4.0 4.0 4.0 4.0
c 0.0
Aa 0.0 0.0 0.0 0.0
Ab 0.0 0.0 0.0 0.0
Ad 0.0 0.0 0.0 0.0
Ag 0.0 0.0 0.0 0.0
At 0.0 0.0 0.0 0.0
as 0.0 0.0 0.0 0.0
bs 0.0 0.0 0.0 0.0
ds 0.0 0.0 0.0 0.0
gs 0.0 0.0 0.0 0.0
ts 0.0 0.0 0.0 0.0
eeg 699.116638184 819.200195312 858.679748535 850.454833984
eeg 705.696594238 819.200195312 858.679748535 903.094238281
eeg 722.146362305 792.880554199 806.040344238 797.815490723
eeg 718.856384277 898.159240723 911.319091797 797.815490723
eeg 722.146362305 904.739196777 884.999450684 824.135131836
eeg 700.76159668 812.620300293 832.360046387 903.094238281
eeg 717.211425781 779.720703125 779.720703125 982.053283691
eeg 699.116638184 766.560852051 753.401000977 876.774536133
eeg 689.246765137 852.09979248 832.360046387 850.454833984
eeg 694.18170166 924.478942871 884.999450684 850.454833984
eeg 674.441955566 832.360046387 832.360046387 850.454833984
eeg 676.086914062 806.040344238 806.040344238 876.774536133
eeg 684.311828613 812.620300293 779.720703125 929.413879395
eeg 694.18170166 773.14074707 727.081298828 797.815490723
eeg 707.341552734 871.839599609 832.360046387 797.815490723
eeg 695.826660156 911.319091797 858.679748535 797.815490723
eeg 676.086914062 792.880554199 806.040344238 850.454833984
eeg 699.116638184 779.720703125 779.720703125 903.094238281
eeg 707.341552734 773.14074707 779.720703125 797.815490723
eeg 687.601806641 858.679748535 858.679748535 771.495788574
eeg 694.18170166 937.638793945 927.768920898 801.105407715
eeg 712.276489258 832.360046387 829.070068359 807.68536377
a nan nan nan nan
b nan nan nan nan
d nan nan nan nan
g nan nan nan nan
t nan nan nan nan
h 4.0 4.0 4.0 4.0
c 0.0
Aa 0.0 0.0 0.0 0.0
Ab 0.0 0.0 0.0 0.0
Ad 0.0 0.0 0.0 0.0
Ag 0.0 0.0 0.0 0.0
At 0.0 0.0 0.0 0.0
as 0.0 0.0 0.0 0.0
bs 0.0 0.0 0.0 0.0
ds 0.0 0.0 0.0 0.0
gs 0.0 0.0 0.0 0.0
ts 0.0 0.0 0.0 0.0
eeg 699.116638184 806.040344238 819.200195312 843.874938965
eeg 707.341552734 806.040344238 819.200195312 919.544006348
eeg 705.696594238 806.040344238 763.270874023 781.365661621
eeg 692.536743164 884.999450684 884.999450684 771.495788574
eeg 687.601806641 911.319091797 891.579345703 807.68536377
eeg 685.956787109 779.720703125 812.620300293 866.904663086
eeg 712.276489258 779.720703125 789.590576172 929.413879395
eeg 713.921447754 779.720703125 769.850830078 810.975280762
eeg 702.406616211 858.679748535 858.679748535 774.785766602
eeg 685.956787109 911.319091797 927.768920898 807.68536377
eeg 700.76159668 832.360046387 842.229919434 827.425109863
eeg 690.891723633 806.040344238 809.330322266 847.164855957
eeg 700.76159668 806.040344238 809.330322266 919.544006348
eeg 699.116638184 806.040344238 773.14074707 778.075683594
eeg 689.246765137 884.999450684 852.09979248 804.395385742
eeg 690.891723633 937.638793945 878.419494629 883.354431152
eeg 692.536743164 806.040344238 773.14074707 909.674133301
eeg 715.566467285 806.040344238 773.14074707 962.313476562
eeg 717.211425781 806.040344238 773.14074707 857.034729004
eeg 732.016235352 884.999450684 852.09979248 830.715087891
eeg 715.566467285 937.638793945 904.739196777 883.354431152
eeg 730.371276855 832.360046387 799.460449219 883.354431152
a nan nan nan nan
b nan nan nan nan
d nan nan nan nan
g nan nan nan nan
t nan nan nan nan
h 4.0 4.0 4.0 4.0
c 0.0
Aa 0.0 0.0 0.0 0.0
Ab 0.0 0.0 0.0 0.0
Ad 0.0 0.0 0.0 0.0
Ag 0.0 0.0 0.0 0.0
At 0.0 0.0 0.0 0.0
as 0.0 0.0 0.0 0.0
bs 0.0 0.0 0.0 0.0
ds 0.0 0.0 0.0 0.0
gs 0.0 0.0 0.0 0.0
ts 0.0 0.0 0.0 0.0
eeg 720.501403809 806.040344238 799.460449219 883.354431152
eeg 727.081298828 832.360046387 799.460449219 935.993835449
eeg 768.205810547 832.360046387 799.460449219 804.395385742
eeg 759.980895996 858.679748535 878.419494629 804.395385742
eeg 771.495788574 911.319091797 931.058898926 857.034729004
eeg 755.045959473 779.720703125 799.460449219 883.354431152
eeg 781.365661621 779.720703125 773.14074707 909.674133301
eeg 779.720703125 806.040344238 773.14074707 804.395385742
eeg 773.14074707 911.319091797 878.419494629 778.075683594
eeg 771.495788574 963.958496094 957.378540039 857.034729004
eeg 781.365661621 858.679748535 852.09979248 883.354431152
eeg 783.010620117 858.679748535 825.780151367 909.674133301
eeg 776.430725098 858.679748535 852.09979248 962.313476562
eeg 783.010620117 858.679748535 852.09979248 830.715087891
eeg 784.655639648 858.679748535 904.739196777 830.715087891
eeg 783.010620117 911.319091797 931.058898926 909.674133301
eeg 763.270874023 806.040344238 799.460449219 935.993835449
eeg 759.980895996 806.040344238 799.460449219 962.313476562
eeg 751.75604248 806.040344238 799.460449219 857.034729004
eeg 746.821105957 858.679748535 878.419494629 804.395385742
eeg 753.401000977 858.679748535 931.058898926 857.034729004
eeg 759.980895996 806.040344238 852.09979248 883.354431152
a nan nan nan nan
b nan nan nan nan
d nan nan nan nan
g nan nan nan nan
t nan nan nan nan
h 4.0 4.0 4.0 4.0
c 0.0
Aa 0.0 0.0 0.0 0.0
Ab 0.0 0.0 0.0 0.0
Ad 0.0 0.0 0.0 0.0
Ag 0.0 0.0 0.0 0.0
At 0.0 0.0 0.0 0.0
as 0.0 0.0 0.0 0.0
bs 0.0 0.0 0.0 0.0
ds 0.0 0.0 0.0 0.0
gs 0.0 0.0 0.0 0.0
ts 0.0 0.0 0.0 0.0
eeg 755.045959473 753.401000977 799.460449219 883.354431152
eeg 740.241149902 806.040344238 825.780151367 935.993835449
eeg 736.951171875 832.360046387 852.09979248 830.715087891
eeg 745.176086426 858.679748535 878.419494629 857.034729004
eeg 740.241149902 963.958496094 957.378540039 935.993835449
eeg 736.951171875 832.360046387 825.780151367 935.993835449
eeg 745.176086426 832.360046387 799.460449219 962.313476562
eeg 736.951171875 884.999450684 825.780151367 857.034729004
eeg 735.306213379 937.638793945 878.419494629 804.395385742
eeg 745.176086426 963.958496094 931.058898926 883.354431152
eeg 745.176086426 858.679748535 825.780151367 909.674133301
eeg 740.241149902 806.040344238 799.460449219 883.354431152
eeg 746.821105957 858.679748535 825.780151367 935.993835449
eeg 750.111022949 858.679748535 825.780151367 830.715087891
eeg 773.14074707 858.679748535 852.09979248 804.395385742
eeg 764.91583252 911.319091797 904.739196777 883.354431152
eeg 727.081298828 779.720703125 773.14074707 883.354431152
eeg 738.596191406 779.720703125 773.14074707 909.674133301
eeg 727.081298828 884.999450684 825.780151367 778.075683594
eeg 735.306213379 884.999450684 931.058898926 725.436340332
eeg 730.371276855 884.999450684 1036.33764648 804.395385742
eeg 718.856384277 832.360046387 931.058898926 857.034729004
a nan nan nan nan
b nan nan nan nan
d nan nan nan nan
g nan nan nan nan
t nan nan nan nan
h 4.0 4.0 4.0 4.0
c 0.0
Aa 0.0 0.0 0.0 0.0
Ab 0.0 0.0 0.0 0.0
Ad 0.0 0.0 0.0 0.0
Ag 0.0 0.0 0.0 0.0
At 0.0 0.0 0.0 0.0
as 0.0 0.0 0.0 0.0
bs 0.0 0.0 0.0 0.0
ds 0.0 0.0 0.0 0.0
gs 0.0 0.0 0.0 0.0
ts 0.0 0.0 0.0 0.0
eeg 712.276489258 779.720703125 878.419494629 830.715087891
eeg 697.471679688 832.360046387 931.058898926 883.354431152
eeg 705.696594238 832.360046387 931.058898926 804.395385742
eeg 708.98651123 832.360046387 931.058898926 778.075683594
eeg 705.696594238 884.999450684 983.698242188 883.354431152
eeg 705.696594238 779.720703125 825.780151367 883.354431152
eeg 720.501403809 779.720703125 825.780151367 883.354431152
eeg 728.726318359 832.360046387 825.780151367 804.395385742
eeg 730.371276855 832.360046387 878.419494629 751.75604248
eeg 723.791320801 832.360046387 878.419494629 830.715087891
eeg 727.081298828 779.720703125 825.780151367 883.354431152
eeg 715.566467285 727.081298828 773.14074707 857.034729004
eeg 717.211425781 806.040344238 878.419494629 909.674133301
eeg 723.791320801 832.360046387 878.419494629 830.715087891
eeg 710.631530762 832.360046387 878.419494629 804.395385742
eeg 705.696594238 884.999450684 931.058898926 909.674133301
eeg 697.471679688 779.720703125 825.780151367 909.674133301
eeg 712.276489258 753.401000977 825.780151367 909.674133301
eeg 712.276489258 858.679748535 878.419494629 830.715087891
eeg 700.76159668 884.999450684 878.419494629 804.395385742
eeg 692.536743164 884.999450684 878.419494629 857.034729004
eeg 723.791320801 806.040344238 825.780151367 909.674133301
a nan nan nan nan
b nan nan nan nan
d nan nan nan nan
g nan nan nan nan
t nan nan nan nan
h 4.0 4.0 4.0 4.0
c 0.0
Aa 0.0 0.0 0.0 0.0
Ab 0.0 0.0 0.0 0.0
Ad 0.0 0.0 0.0 0.0
Ag 0.0 0.0 0.0 0.0
At 0.0 0.0 0.0 0.0
as 0.0 0.0 0.0 0.0
bs 0.0 0.0 0.0 0.0
ds 0.0 0.0 0.0 0.0
gs 0.0 0.0 0.0 0.0
ts 0.0 0.0 0.0 0.0
eeg 722.146362305 753.401000977 773.14074707 857.034729004
eeg 704.051574707 832.360046387 825.780151367 883.354431152
eeg 713.921447754 858.679748535 825.780151367 804.395385742
eeg 712.276489258 858.679748535 825.780151367 778.075683594
eeg 685.956787109 884.999450684 878.419494629 883.354431152
eeg 704.051574707 806.040344238 773.14074707 883.354431152
eeg 702.406616211 756.690979004 771.495788574 871.839599609
eeg 700.76159668 914.609069824 876.774536133 766.560852051
eeg 722.146362305 914.609069824 929.413879395 713.921447754
eeg 730.371276855 914.609069824 929.413879395 766.560852051
eeg 727.081298828 861.969726562 824.135131836 819.200195312
eeg 692.536743164 809.330322266 771.495788574 766.560852051
eeg 697.471679688 861.969726562 824.135131836 766.560852051
eeg 694.18170166 861.969726562 824.135131836 713.921447754
eeg 713.921447754 861.969726562 824.135131836 713.921447754
eeg 727.081298828 861.969726562 876.774536133 819.200195312
eeg 722.146362305 809.330322266 771.495788574 819.200195312
eeg 733.661254883 756.690979004 771.495788574 819.200195312
eeg 741.886108398 861.969726562 876.774536133 766.560852051
eeg 743.53112793 861.969726562 876.774536133 766.560852051
eeg 728.726318359 861.969726562 876.774536133 819.200195312
eeg 740.241149902 809.330322266 824.135131836 871.839599609
a nan nan nan nan
b nan nan nan nan
d nan nan nan nan
g nan nan nan nan
t nan nan nan nan
h 4.0 4.0 4.0 4.0
c 0.0
Aa 0.0 0.0 0.0 0.0
Ab 0.0 0.0 0.0 0.0
Ad 0.0 0.0 0.0 0.0
Ag 0.0 0.0 0.0 0.0
At 0.0 0.0 0.0 0.0
as 0.0 0.0 0.0 0.0
bs 0.0 0.0 0.0 0.0
ds 0.0 0.0 0.0 0.0
gs 0.0 0.0 0.0 0.0
ts 0.0 0.0 0.0 0.0
eeg 733.661254883 756.690979004 771.495788574 819.200195312
eeg 712.276489258 809.330322266 876.774536133 845.519897461
eeg 718.856384277 835.650024414 903.094238281 819.200195312
eeg 725.436340332 809.330322266 876.774536133 766.560852051
eeg 728.726318359 809.330322266 903.094238281 871.839599609
eeg 715.566467285 756.690979004 824.135131836 898.159240723
eeg 728.726318359 704.051574707 797.815490723 871.839599609
eeg 735.306213379 835.650024414 903.094238281 819.200195312
eeg 712.276489258 835.650024414 903.094238281 792.880554199
eeg 710.631530762 835.650024414 903.094238281 871.839599609
eeg 725.436340332 756.690979004 824.135131836 924.478942871
eeg 725.436340332 730.371276855 771.495788574 845.519897461
eeg 733.661254883 809.330322266 850.454833984 845.519897461
eeg 735.306213379 861.969726562 876.774536133 819.200195312
eeg 730.371276855 835.650024414 850.454833984 766.560852051
eeg 718.856384277 835.650024414 850.454833984 871.839599609
eeg 718.856384277 809.330322266 797.815490723 898.159240723
eeg 730.371276855 730.371276855 718.856384277 819.200195312
eeg 730.371276855 861.969726562 850.454833984 766.560852051
eeg 715.566467285 861.969726562 850.454833984 740.241149902
eeg 715.566467285 835.650024414 850.454833984 792.880554199
eeg 725.436340332 783.010620117 771.495788574 845.519897461
a nan nan nan nan
b nan nan nan nan
d nan nan nan nan
g nan nan nan nan
t nan nan nan nan
h 4.0 4.0 4.0 4.0
c 0.0
Aa 0.0 0.0 0.0 0.0
Ab 0.0 0.0 0.0 0.0
Ad 0.0 0.0 0.0 0.0
Ag 0.0 0.0 0.0 0.0
At 0.0 0.0 0.0 0.0
as 0.0 0.0 0.0 0.0
bs 0.0 0.0 0.0 0.0
ds 0.0 0.0 0.0 0.0
gs 0.0 0.0 0.0 0.0
ts 0.0 0.0 0.0 0.0
eeg 710.631530762 756.690979004 718.856384277 766.560852051
eeg 717.211425781 835.650024414 797.815490723 766.560852051
eeg 712.276489258 888.289367676 850.454833984 766.560852051
eeg 720.501403809 835.650024414 824.135131836 740.241149902
eeg 728.726318359 835.650024414 824.135131836 819.200195312
eeg 713.921447754 809.330322266 771.495788574 845.519897461
eeg 728.726318359 730.371276855 718.856384277 766.560852051
eeg 725.436340332 861.969726562 850.454833984 766.560852051
eeg 705.696594238 861.969726562 850.454833984 766.560852051
eeg 697.471679688 835.650024414 850.454833984 845.519897461
eeg 702.406616211 783.010620117 797.815490723 924.478942871
eeg 708.98651123 783.010620117 771.495788574 820.845214844
eeg 705.696594238 835.650024414 850.454833984 809.330322266
eeg 695.826660156 888.289367676 903.094238281 799.460449219
eeg 687.601806641 835.650024414 850.454833984 769.850830078
eeg 699.116638184 835.650024414 850.454833984 850.454833984
eeg 694.18170166 835.650024414 824.135131836 904.739196777
eeg 710.631530762 783.010620117 771.495788574 794.525512695
eeg 717.211425781 888.289367676 903.094238281 779.720703125
eeg 710.631530762 888.289367676 903.094238281 776.430725098
eeg 707.341552734 835.650024414 876.774536133 852.09979248
eeg 722.146362305 783.010620117 797.815490723 929.413879395
a nan nan nan nan
b nan nan nan nan
d nan nan nan nan
g nan nan nan nan
t nan nan nan nan
h 4.0 4.0 4.0 4.0
c 0.0
Aa 0.0 0.0 0.0 0.0
Ab 0.0 0.0 0.0 0.0
Ad 0.0 0.0 0.0 0.0
Ag 0.0 0.0 0.0 0.0
At 0.0 0.0 0.0 0.0
as 0.0 0.0 0.0 0.0
bs 0.0 0.0 0.0 0.0
ds 0.0 0.0 0.0 0.0
gs 0.0 0.0 0.0 0.0
ts 0.0 0.0 0.0 0.0
eeg 702.406616211 783.010620117 771.495788574 817.555236816
eeg 702.406616211 835.650024414 850.454833984 799.460449219
eeg 700.76159668 888.289367676 903.094238281 799.460449219
eeg 702.406616211 835.650024414 850.454833984 784.655639648
eeg 700.76159668 835.650024414 850.454833984 855.389770508
eeg 692.536743164 835.650024414 850.454833984 934.348815918
eeg 684.311828613 783.010620117 797.815490723 829.070068359
eeg 677.731872559 888.289367676 903.094238281 829.070068359
eeg 685.956787109 914.609069824 903.094238281 829.070068359
eeg 672.796936035 835.650024414 850.454833984 881.709472656
eeg 695.826660156 809.330322266 797.815490723 934.348815918
eeg 687.601806641 809.330322266 797.815490723 829.070068359
eeg 685.956787109 888.289367676 850.454833984 829.070068359
eeg 689.246765137 940.928771973 903.094238281 829.070068359
eeg 690.891723633 861.969726562 850.454833984 829.070068359
eeg 687.601806641 835.650024414 850.454833984 881.709472656
eeg 687.601806641 835.650024414 850.454833984 934.348815918
eeg 708.98651123 809.330322266 797.815490723 802.750427246
eeg 725.436340332 888.289367676 903.094238281 802.750427246
eeg 725.436340332 914.609069824 903.094238281 802.750427246
eeg 722.146362305 809.330322266 850.454833984 855.389770508
eeg 730.371276855 809.330322266 797.815490723 924.478942871
a nan nan nan nan
b nan nan nan nan
d nan nan nan nan
g nan nan nan nan
t nan nan nan nan
h 4.0 4.0 4.0 4.0
c 0.0
Aa 0.0 0.0 0.0 0.0
Ab 0.0 0.0 0.0 0.0
Ad 0.0 0.0 0.0 0.0
Ag 0.0 0.0 0.0 0.0
At 0.0 0.0 0.0 0.0
as 0.0 0.0 0.0 0.0
bs 0.0 0.0 0.0 0.0
ds 0.0 0.0 0.0 0.0
gs 0.0 0.0 0.0 0.0
ts 0.0 0.0 0.0 0.0
eeg 727.081298828 809.330322266 771.495788574 812.620300293
eeg 722.146362305 861.969726562 850.454833984 783.010620117
eeg 708.98651123 914.609069824 929.413879395 815.91027832
eeg 722.146362305 809.330322266 850.454833984 815.91027832
eeg 705.696594238 809.330322266 824.135131836 852.09979248
eeg 694.18170166 809.330322266 824.135131836 917.899047852
eeg 702.406616211 809.330322266 771.495788574 776.430725098
eeg 692.536743164 861.969726562 876.774536133 773.14074707
eeg 692.536743164 914.609069824 903.094238281 806.040344238
eeg 694.18170166 809.330322266 824.135131836 865.259643555
eeg 692.536743164 809.330322266 797.815490723 931.058898926
eeg 679.37689209 809.330322266 797.815490723 812.620300293
eeg 677.731872559 861.969726562 876.774536133 776.430725098
eeg 674.441955566 914.609069824 929.413879395 809.330322266
eeg 682.666870117 809.330322266 850.454833984 822.49017334
eeg 669.507019043 809.330322266 817.555236816 875.129516602
eeg 669.507019043 835.650024414 814.265258789 954.088623047
eeg 677.731872559 861.969726562 778.075683594 822.49017334
eeg 676.086914062 914.609069824 873.484558105 822.49017334
eeg 677.731872559 967.248413086 922.833984375 848.809875488
eeg 669.507019043 835.650024414 804.395385742 901.44921875
eeg 687.601806641 835.650024414 787.945556641 954.088623047
a nan nan nan nan
b nan nan nan nan
d nan nan nan nan
g nan nan nan nan
t nan nan nan nan
h 4.0 4.0 4.0 4.0
c 0.0
Aa 0.0 0.0 0.0 0.0
Ab 0.0 0.0 0.0 0.0
Ad 0.0 0.0 0.0 0.0
Ag 0.0 0.0 0.0 0.0
At 0.0 0.0 0.0 0.0
as 0.0 0.0 0.0 0.0
bs 0.0 0.0 0.0 0.0
ds 0.0 0.0 0.0 0.0
gs 0.0 0.0 0.0 0.0
ts 0.0 0.0 0.0 0.0
eeg 699.116638184 835.650024414 778.075683594 848.809875488
eeg 699.116638184 888.289367676 847.164855957 822.49017334
eeg 689.246765137 940.928771973 939.283752441 848.809875488
eeg 705.696594238 835.650024414 837.29498291 848.809875488
eeg 699.116638184 809.330322266 804.395385742 848.809875488
eeg 694.18170166 835.650024414 810.975280762 901.44921875
eeg 695.826660156 835.650024414 787.945556641 769.850830078
eeg 690.891723633 888.289367676 876.774536133 769.850830078
eeg 677.731872559 940.928771973 922.833984375 822.49017334
eeg 676.086914062 835.650024414 817.555236816 848.809875488
eeg 692.536743164 861.969726562 817.555236816 901.44921875
eeg 681.021850586 861.969726562 817.555236816 796.170471191
eeg 682.666870117 914.609069824 870.194580078 769.850830078
eeg 699.116638184 967.248413086 922.833984375 822.49017334
eeg 695.826660156 861.969726562 817.555236816 848.809875488
eeg 687.601806641 835.650024414 817.555236816 848.809875488
eeg 679.37689209 861.969726562 817.555236816 901.44921875
eeg 692.536743164 861.969726562 817.555236816 769.850830078
eeg 704.051574707 888.289367676 870.194580078 769.850830078
eeg 705.696594238 967.248413086 922.833984375 848.809875488
eeg 704.051574707 835.650024414 817.555236816 875.129516602
eeg 720.501403809 835.650024414 817.555236816 901.44921875
a nan nan nan nan
b nan nan nan nan
d nan nan nan nan
g nan nan nan nan
t nan nan nan nan
h 4.0 4.0 4.0 4.0
c 0.0
Aa 0.0 0.0 0.0 0.0
Ab 0.0 0.0 0.0 0.0
Ad 0.0 0.0 0.0 0.0
Ag 0.0 0.0 0.0 0.0
At 0.0 0.0 0.0 0.0
as 0.0 0.0 0.0 0.0
bs 0.0 0.0 0.0 0.0
ds 0.0 0.0 0.0 0.0
gs 0.0 0.0 0.0 0.0
ts 0.0 0.0 0.0 0.0
eeg 710.631530762 861.969726562 817.555236816 796.170471191
eeg 708.98651123 914.609069824 870.194580078 769.850830078
eeg 702.406616211 940.928771973 922.833984375 822.49017334
eeg 702.406616211 825.780151367 824.135131836 860.324707031
eeg 705.696594238 799.460449219 824.135131836 886.64440918
eeg 702.406616211 852.09979248 876.774536133 965.60345459
eeg 710.631530762 904.739196777 876.774536133 860.324707031
eeg 704.051574707 931.058898926 903.094238281 860.324707031
eeg 694.18170166 1010.01794434 955.733581543 939.283752441
eeg 687.601806641 878.419494629 824.135131836 939.283752441
eeg 697.471679688 878.419494629 824.135131836 965.60345459
eeg 684.311828613 904.739196777 850.454833984 860.324707031
eeg 681.021850586 957.378540039 903.094238281 807.68536377
eeg 679.37689209 983.698242188 955.733581543 860.324707031
eeg 690.891723633 878.419494629 850.454833984 886.64440918
eeg 689.246765137 825.780151367 824.135131836 860.324707031
eeg 681.021850586 878.419494629 850.454833984 912.964111328
eeg 685.956787109 878.419494629 850.454833984 781.365661621
eeg 699.116638184 878.419494629 876.774536133 781.365661621
eeg 704.051574707 931.058898926 929.413879395 860.324707031
eeg 702.406616211 825.780151367 824.135131836 886.64440918
eeg 713.921447754 852.09979248 850.454833984 912.964111328
a nan nan nan nan
b nan nan nan nan
d nan nan nan nan
g nan nan nan nan
t nan nan nan nan
h 4.0 4.0 4.0 4.0
c 0.0
Aa 0.0 0.0 0.0 0.0
Ab 0.0 0.0 0.0 0.0
Ad 0.0 0.0 0.0 0.0
Ag 0.0 0.0 0.0 0.0
At 0.0 0.0 0.0 0.0
as 0.0 0.0 0.0 0.0
bs 0.0 0.0 0.0 0.0
ds 0.0 0.0 0.0 0.0
gs 0.0 0.0 0.0 0.0
ts 0.0 0.0 0.0 0.0
eeg 695.826660156 931.058898926 876.774536133 807.68536377
eeg 690.891723633 957.378540039 929.413879395 781.365661621
eeg 685.956787109 983.698242188 982.053283691 860.324707031
eeg 694.18170166 904.739196777 903.094238281 886.64440918
eeg 692.536743164 852.09979248 850.454833984 860.324707031
eeg 679.37689209 904.739196777 876.774536133 912.964111328
eeg 685.956787109 931.058898926 876.774536133 807.68536377
eeg 695.826660156 931.058898926 876.774536133 781.365661621
eeg 692.536743164 983.698242188 955.733581543 860.324707031
eeg 684.311828613 852.09979248 797.815490723 860.324707031
eeg 689.246765137 825.780151367 797.815490723 860.324707031
eeg 689.246765137 904.739196777 850.454833984 781.365661621
eeg 690.891723633 931.058898926 903.094238281 755.045959473
eeg 682.666870117 931.058898926 929.413879395 834.005004883
eeg 682.666870117 852.09979248 876.774536133 860.324707031
eeg 674.441955566 799.460449219 876.774536133 834.005004883
eeg 669.507019043 878.419494629 929.413879395 860.324707031
eeg 676.086914062 904.739196777 929.413879395 781.365661621
eeg 687.601806641 904.739196777 929.413879395 755.045959473
eeg 684.311828613 931.058898926 982.053283691 860.324707031
eeg 674.441955566 825.780151367 876.774536133 860.324707031
eeg 689.246765137 799.460449219 876.774536133 860.324707031
a nan nan nan nan
b nan nan nan nan
d nan nan nan nan
g nan nan nan nan
t nan nan nan nan
h 4.0 4.0 4.0 4.0
c 0.0
Aa 0.0 0.0 0.0 0.0
Ab 0.0 0.0 0.0 0.0
Ad 0.0 0.0 0.0 0.0
Ag 0.0 0.0 0.0 0.0
At 0.0 0.0 0.0 0.0
as 0.0 0.0 0.0 0.0
bs 0.0 0.0 0.0 0.0
ds 0.0 0.0 0.0 0.0
gs 0.0 0.0 0.0 0.0
ts 0.0 0.0 0.0 0.0
eeg 684.311828613 904.739196777 929.413879395 781.365661621
eeg 677.731872559 904.739196777 929.413879395 755.045959473
eeg 679.37689209 904.739196777 929.413879395 834.005004883
eeg 684.311828613 825.780151367 876.774536133 886.64440918
eeg 681.021850586 773.14074707 824.135131836 834.005004883
eeg 687.601806641 852.09979248 876.774536133 860.324707031
eeg 702.406616211 878.419494629 876.774536133 781.365661621
eeg 704.051574707 878.419494629 876.774536133 755.045959473
eeg 697.471679688 904.739196777 929.413879395 834.005004883
eeg 684.311828613 825.780151367 824.135131836 834.005004883
eeg 705.696594238 799.460449219 824.135131836 834.005004883
eeg 710.631530762 904.739196777 876.774536133 755.045959473
eeg 684.311828613 904.739196777 876.774536133 728.726318359
eeg 671.151977539 904.739196777 876.774536133 807.68536377
eeg 676.086914062 825.780151367 824.135131836 860.324707031
eeg 676.086914062 773.14074707 771.495788574 807.68536377
eeg 671.151977539 878.419494629 824.135131836 807.68536377
eeg 661.282104492 904.739196777 824.135131836 755.045959473
eeg 662.927062988 878.419494629 824.135131836 728.726318359
eeg 651.412231445 904.739196777 876.774536133 834.005004883
eeg 661.282104492 825.780151367 771.495788574 834.005004883
eeg 672.796936035 773.14074707 771.495788574 834.005004883
a nan nan nan nan
b nan nan nan nan
d nan nan nan nan
g nan nan nan nan
t nan nan nan nan
h 4.0 4.0 4.0 4.0
c 0.0
Aa 0.0 0.0 0.0 0.0
Ab 0.0 0.0 0.0 0.0
Ad 0.0 0.0 0.0 0.0
Ag 0.0 0.0 0.0 0.0
At 0.0 0.0 0.0 0.0
as 0.0 0.0 0.0 0.0
bs 0.0 0.0 0.0 0.0
ds 0.0 0.0 0.0 0.0
gs 0.0 0.0 0.0 0.0
ts 0.0 0.0 0.0 0.0
eeg 664.57208252 904.739196777 876.774536133 781.365661621
eeg 684.311828613 904.739196777 876.774536133 755.045959473
eeg 695.826660156 957.378540039 903.094238281 807.68536377
eeg 718.856384277 904.739196777 850.454833984 860.324707031
eeg 710.631530762 852.09979248 824.135131836 807.68536377
eeg 705.696594238 904.739196777 903.094238281 807.68536377
eeg 713.921447754 904.739196777 929.413879395 755.045959473
eeg 718.856384277 904.739196777 929.413879395 702.406616211
eeg 708.98651123 904.739196777 955.733581543 807.68536377
eeg 702.406616211 852.09979248 850.454833984 807.68536377
eeg 720.501403809 799.460449219 824.135131836 807.68536377
eeg 704.051574707 904.739196777 929.413879395 755.045959473
eeg 697.471679688 904.739196777 929.413879395 755.045959473
eeg 674.441955566 904.739196777 929.413879395 807.68536377
eeg 685.956787109 852.09979248 850.454833984 860.324707031
eeg 685.956787109 799.460449219 797.815490723 807.68536377
eeg 681.021850586 852.09979248 876.774536133 807.68536377
eeg 682.666870117 904.739196777 903.094238281 807.68536377
eeg 687.601806641 852.09979248 903.094238281 755.045959473
eeg 690.891723633 852.09979248 903.094238281 834.005004883
eeg 687.601806641 799.460449219 850.454833984 834.005004883
eeg 695.826660156 746.821105957 797.815490723 755.045959473
a nan nan nan nan
b nan nan nan nan
d nan nan nan nan
g nan nan nan nan
t nan nan nan nan
h 4.0 4.0 4.0 4.0
c 0.0
Aa 0.0 0.0 0.0 0.0
Ab 0.0 0.0 0.0 0.0
Ad 0.0 0.0 0.0 0.0
Ag 0.0 0.0 0.0 0.0
At 0.0 0.0 0.0 0.0
as 0.0 0.0 0.0 0.0
bs 0.0 0.0 0.0 0.0
ds 0.0 0.0 0.0 0.0
gs 0.0 0.0 0.0 0.0
ts 0.0 0.0 0.0 0.0
eeg 694.18170166 852.09979248 903.094238281 702.406616211
eeg 685.956787109 852.09979248 903.094238281 702.406616211
eeg 674.441955566 852.09979248 903.094238281 781.365661621
eeg 682.666870117 799.460449219 850.454833984 860.324707031
eeg 684.311828613 799.460449219 797.815490723 781.365661621
eeg 671.151977539 852.09979248 850.454833984 781.365661621
eeg 681.021850586 904.739196777 903.094238281 755.045959473
eeg 694.18170166 852.09979248 903.094238281 728.726318359
eeg 689.246765137 852.09979248 903.094238281 834.005004883
eeg 685.956787109 852.09979248 850.454833984 860.324707031
eeg 705.696594238 799.460449219 797.815490723 807.68536377
eeg 708.98651123 904.739196777 903.094238281 781.365661621
eeg 704.051574707 878.419494629 876.774536133 755.045959473
eeg 687.601806641 825.780151367 850.454833984 807.68536377
eeg 710.631530762 773.14074707 745.176086426 860.324707031
eeg 694.18170166 746.821105957 718.856384277 781.365661621
eeg 695.826660156 825.780151367 797.815490723 781.365661621
eeg 694.18170166 878.419494629 850.454833984 781.365661621
eeg 689.246765137 825.780151367 824.135131836 755.045959473
eeg 685.956787109 825.780151367 824.135131836 834.005004883
eeg 681.021850586 799.460449219 771.495788574 860.324707031
eeg 692.536743164 746.821105957 718.856384277 781.365661621
a nan nan nan nan
b nan nan nan nan
d nan nan nan nan
g nan nan nan nan
t nan nan nan nan
h 4.0 4.0 4.0 4.0
c 0.0
Aa 0.0 0.0 0.0 0.0
Ab 0.0 0.0 0.0 0.0
Ad 0.0 0.0 0.0 0.0
Ag 0.0 0.0 0.0 0.0
At 0.0 0.0 0.0 0.0
as 0.0 0.0 0.0 0.0
bs 0.0 0.0 0.0 0.0
ds 0.0 0.0 0.0 0.0
gs 0.0 0.0 0.0 0.0
ts 0.0 0.0 0.0 0.0
eeg 692.536743164 878.419494629 850.454833984 781.365661621
eeg 690.891723633 878.419494629 850.454833984 781.365661621
eeg 679.37689209 825.780151367 850.454833984 834.005004883
eeg 679.37689209 799.460449219 797.815490723 912.964111328
eeg 676.086914062 773.14074707 771.495788574 807.68536377
eeg 662.927062988 852.09979248 850.454833984 807.68536377
eeg 681.021850586 878.419494629 876.774536133 781.365661621
eeg 689.246765137 773.14074707 797.815490723 781.365661621
eeg 697.471679688 773.14074707 797.815490723 834.005004883
eeg 705.696594238 773.14074707 771.495788574 886.64440918
eeg 727.081298828 720.501403809 718.856384277 781.365661621
eeg 728.726318359 825.780151367 850.454833984 781.365661621
eeg 730.371276855 825.780151367 850.454833984 781.365661621
eeg 727.081298828 773.14074707 824.135131836 860.324707031
eeg 717.211425781 746.821105957 797.815490723 912.964111328
eeg 713.921447754 746.821105957 771.495788574 807.68536377
eeg 705.696594238 825.780151367 850.454833984 807.68536377
eeg 708.98651123 878.419494629 903.094238281 807.68536377
eeg 715.566467285 799.460449219 824.135131836 807.68536377
eeg 699.116638184 799.460449219 824.135131836 860.324707031
eeg 692.536743164 799.460449219 797.815490723 912.964111328
eeg 700.76159668 773.14074707 745.176086426 781.365661621
a nan nan nan nan
b nan nan nan nan
d nan nan nan nan
g nan nan nan nan
t nan nan nan nan
h 4.0 4.0 4.0 4.0
c 0.0
Aa 0.0 0.0 0.0 0.0
Ab 0.0 0.0 0.0 0.0
Ad 0.0 0.0 0.0 0.0
Ag 0.0 0.0 0.0 0.0
At 0.0 0.0 0.0 0.0
as 0.0 0.0 0.0 0.0
bs 0.0 0.0 0.0 0.0
ds 0.0 0.0 0.0 0.0
gs 0.0 0.0 0.0 0.0
ts 0.0 0.0 0.0 0.0
eeg 708.98651123 883.354431152 875.129516602 774.785766602
eeg 697.471679688 912.964111328 875.129516602 787.945556641
eeg 690.891723633 807.68536377 822.49017334 860.324707031
eeg 707.341552734 779.720703125 769.850830078 932.703857422
eeg 690.891723633 768.205810547 743.53112793 817.555236816
eeg 694.18170166 853.744812012 822.49017334 787.945556641
eeg 689.246765137 932.703857422 875.129516602 810.975280762
eeg 694.18170166 827.425109863 796.170471191 807.68536377
eeg 694.18170166 801.105407715 796.170471191 843.874938965
eeg 690.891723633 812.620300293 796.170471191 912.964111328
eeg 697.471679688 779.720703125 743.53112793 771.495788574
eeg 700.76159668 876.774536133 875.129516602 778.075683594
eeg 695.826660156 916.25402832 875.129516602 801.105407715
eeg 689.246765137 792.880554199 822.49017334 866.904663086
eeg 699.116638184 781.365661621 796.170471191 932.703857422
eeg 687.601806641 774.785766602 769.850830078 817.555236816
eeg 692.536743164 863.614685059 848.809875488 781.365661621
eeg 699.116638184 929.413879395 921.188964844 817.555236816
eeg 695.826660156 824.135131836 837.29498291 824.135131836
eeg 690.891723633 791.235534668 807.68536377 850.454833984
eeg 676.086914062 810.975280762 814.265258789 926.123962402
eeg 682.666870117 797.815490723 761.625915527 787.945556641
a nan nan nan nan
b nan nan nan nan
d nan nan nan nan
g nan nan nan nan
t nan nan nan nan
h 4.0 4.0 4.0 4.0
c 0.0
Aa 0.0 0.0 0.0 0.0
Ab 0.0 0.0 0.0 0.0
Ad 0.0 0.0 0.0 0.0
Ag 0.0 0.0 0.0 0.0
At 0.0 0.0 0.0 0.0
as 0.0 0.0 0.0 0.0
bs 0.0 0.0 0.0 0.0
ds 0.0 0.0 0.0 0.0
gs 0.0 0.0 0.0 0.0
ts 0.0 0.0 0.0 0.0
eeg 704.051574707 870.194580078 876.774536133 771.495788574
eeg 687.601806641 922.833984375 906.384155273 817.555236816
eeg 694.18170166 784.655639648 807.68536377 866.904663086
eeg 702.406616211 778.075683594 786.300598145 929.413879395
eeg 695.826660156 784.655639648 768.205810547 807.68536377
eeg 699.116638184 870.194580078 855.389770508 771.495788574
eeg 690.891723633 935.993835449 931.058898926 807.68536377
eeg 692.536743164 824.135131836 829.070068359 830.715087891
eeg 679.37689209 784.655639648 802.750427246 840.584960938
eeg 676.086914062 817.555236816 810.975280762 916.25402832
eeg 690.891723633 810.975280762 778.075683594 771.495788574
eeg 681.021850586 889.934387207 857.034729004 797.815490723
eeg 684.311828613 968.893432617 883.354431152 850.454833984
eeg 666.217041016 837.29498291 778.075683594 876.774536133
eeg 666.217041016 837.29498291 778.075683594 929.413879395
eeg 672.796936035 837.29498291 778.075683594 824.135131836
eeg 662.927062988 889.934387207 857.034729004 797.815490723
eeg 666.217041016 942.573730469 909.674133301 850.454833984
eeg 672.796936035 837.29498291 804.395385742 876.774536133
eeg 669.507019043 810.975280762 804.395385742 876.774536133
eeg 676.086914062 837.29498291 804.395385742 929.413879395
eeg 690.891723633 837.29498291 804.395385742 797.815490723
a nan nan nan nan
b nan nan nan nan
d nan nan nan nan
g nan nan nan nan
t nan nan nan nan
h 4.0 4.0 4.0 4.0
c 0.0
Aa 0.0 0.0 0.0 0.0
Ab 0.0 0.0 0.0 0.0
Ad 0.0 0.0 0.0 0.0
Ag 0.0 0.0 0.0 0.0
At 0.0 0.0 0.0 0.0
as 0.0 0.0 0.0 0.0
bs 0.0 0.0 0.0 0.0
ds 0.0 0.0 0.0 0.0
gs 0.0 0.0 0.0 0.0
ts 0.0 0.0 0.0 0.0
eeg 699.116638184 863.614685059 857.034729004 797.815490723
eeg 704.051574707 916.25402832 909.674133301 850.454833984
eeg 699.116638184 784.655639648 778.075683594 876.774536133
eeg 710.631530762 784.655639648 778.075683594 903.094238281
eeg 695.826660156 810.975280762 778.075683594 797.815490723
eeg 697.471679688 916.25402832 830.715087891 797.815490723
eeg 677.731872559 968.893432617 883.354431152 850.454833984
eeg 690.891723633 863.614685059 830.715087891 876.774536133
eeg 704.051574707 810.975280762 830.715087891 876.774536133
eeg 685.956787109 863.614685059 830.715087891 955.733581543
eeg 700.76159668 863.614685059 830.715087891 824.135131836
eeg 702.406616211 863.614685059 883.354431152 824.135131836
eeg 700.76159668 916.25402832 935.993835449 903.094238281
eeg 712.276489258 810.975280762 830.715087891 903.094238281
eeg 713.921447754 810.975280762 830.715087891 929.413879395
eeg 684.311828613 810.975280762 830.715087891 824.135131836
eeg 677.731872559 863.614685059 883.354431152 797.815490723
eeg 669.507019043 863.614685059 935.993835449 850.454833984
eeg 685.956787109 810.975280762 830.715087891 876.774536133
eeg 702.406616211 758.3359375 830.715087891 876.774536133
eeg 695.826660156 810.975280762 830.715087891 929.413879395
eeg 713.921447754 837.29498291 857.034729004 824.135131836
a nan nan nan nan
b nan nan nan nan
d nan nan nan nan
g nan nan nan nan
t nan nan nan nan
h 4.0 4.0 4.0 4.0
c 0.0
Aa 0.0 0.0 0.0 0.0
Ab 0.0 0.0 0.0 0.0
Ad 0.0 0.0 0.0 0.0
Ag 0.0 0.0 0.0 0.0
At 0.0 0.0 0.0 0.0
as 0.0 0.0 0.0 0.0
bs 0.0 0.0 0.0 0.0
ds 0.0 0.0 0.0 0.0
gs 0.0 0.0 0.0 0.0
ts 0.0 0.0 0.0 0.0
eeg 705.696594238 863.614685059 883.354431152 850.454833984
eeg 694.18170166 942.573730469 935.993835449 929.413879395
eeg 694.18170166 837.29498291 804.395385742 929.413879395
eeg 704.051574707 837.29498291 804.395385742 955.733581543
eeg 690.891723633 889.934387207 830.715087891 850.454833984
eeg 697.471679688 916.25402832 883.354431152 797.815490723
eeg 682.666870117 942.573730469 935.993835449 876.774536133
eeg 705.696594238 837.29498291 830.715087891 903.094238281
eeg 705.696594238 784.655639648 804.395385742 876.774536133
eeg 690.891723633 863.614685059 830.715087891 929.413879395
eeg 681.021850586 863.614685059 830.715087891 824.135131836
eeg 695.826660156 863.614685059 830.715087891 797.815490723
eeg 679.37689209 916.25402832 909.674133301 876.774536133
eeg 669.507019043 784.655639648 778.075683594 876.774536133
eeg 690.891723633 784.655639648 778.075683594 903.094238281
eeg 674.441955566 889.934387207 830.715087891 824.135131836
eeg 681.021850586 889.934387207 909.674133301 797.815490723
eeg 661.282104492 889.934387207 962.313476562 850.454833984
eeg 679.37689209 837.29498291 883.354431152 903.094238281
eeg 674.441955566 784.655639648 857.034729004 876.774536133
eeg 666.217041016 837.29498291 909.674133301 929.413879395
eeg 679.37689209 837.29498291 909.674133301 824.135131836
a nan nan nan nan
b nan nan nan nan
d nan nan nan nan
g nan nan nan nan
t nan nan nan nan
h 4.0 4.0 4.0 4.0
c 0.0
Aa 0.0 0.0 0.0 0.0
Ab 0.0 0.0 0.0 0.0
Ad 0.0 0.0 0.0 0.0
Ag 0.0 0.0 0.0 0.0
At 0.0 0.0 0.0 0.0
as 0.0 0.0 0.0 0.0
bs 0.0 0.0 0.0 0.0
ds 0.0 0.0 0.0 0.0
gs 0.0 0.0 0.0 0.0
ts 0.0 0.0 0.0 0.0
eeg 679.37689209 837.29498291 909.674133301 797.815490723
eeg 682.666870117 889.934387207 962.313476562 903.094238281
eeg 681.021850586 784.655639648 804.395385742 903.094238281
eeg 705.696594238 784.655639648 804.395385742 903.094238281
eeg 694.18170166 837.29498291 830.715087891 824.135131836
eeg 694.18170166 837.29498291 883.354431152 797.815490723
eeg 707.341552734 837.29498291 909.674133301 850.454833984
eeg 692.536743164 784.655639648 804.395385742 903.094238281
eeg 690.891723633 732.016235352 751.75604248 850.454833984
eeg 684.311828613 830.715087891 857.034729004 850.454833984
eeg 697.471679688 876.774536133 909.674133301 771.495788574
eeg 704.051574707 863.614685059 962.313476562 745.176086426
eeg 700.76159668 909.674133301 1014.95288086 850.454833984
eeg 677.731872559 804.395385742 909.674133301 850.454833984
eeg 679.37689209 771.495788574 909.674133301 850.454833984
eeg 664.57208252 883.354431152 962.313476562 771.495788574
eeg 651.412231445 896.514282227 962.313476562 745.176086426
eeg 654.702148438 909.674133301 962.313476562 824.135131836
eeg 669.507019043 810.975280762 857.034729004 876.774536133
eeg 662.927062988 751.75604248 804.395385742 824.135131836
eeg 677.731872559 857.034729004 857.034729004 850.454833984
eeg 676.086914062 889.934387207 857.034729004 771.495788574
a nan nan nan nan
b nan nan nan nan
d nan nan nan nan
g nan nan nan nan
t nan nan nan nan
h 4.0 4.0 4.0 4.0
c 0.0
Aa 0.0 0.0 0.0 0.0
Ab 0.0 0.0 0.0 0.0
Ad 0.0 0.0 0.0 0.0
Ag 0.0 0.0 0.0 0.0
At 0.0 0.0 0.0 0.0
as 0.0 0.0 0.0 0.0
bs 0.0 0.0 0.0 0.0
ds 0.0 0.0 0.0 0.0
gs 0.0 0.0 0.0 0.0
ts 0.0 0.0 0.0 0.0
eeg 700.76159668 863.614685059 857.034729004 745.176086426
eeg 710.631530762 883.354431152 909.674133301 850.454833984
eeg 695.826660156 804.395385742 804.395385742 876.774536133
eeg 708.98651123 751.75604248 758.3359375 824.135131836
eeg 712.276489258 883.354431152 863.614685059 771.495788574
eeg 717.211425781 883.354431152 896.514282227 771.495788574
eeg 702.406616211 883.354431152 909.674133301 824.135131836
eeg 732.016235352 804.395385742 817.555236816 876.774536133
eeg 730.371276855 751.75604248 745.176086426 824.135131836
eeg 690.891723633 830.715087891 837.29498291 824.135131836
eeg 692.536743164 857.034729004 876.774536133 771.495788574
eeg 687.601806641 830.715087891 857.034729004 771.495788574
eeg 671.151977539 830.715087891 896.514282227 876.774536133
eeg 682.666870117 778.075683594 784.655639648 876.774536133
eeg 671.151977539 725.436340332 764.91583252 876.774536133
eeg 654.702148438 857.034729004 876.774536133 824.135131836
eeg 671.151977539 857.034729004 896.514282227 824.135131836
eeg 649.767211914 857.034729004 903.094238281 876.774536133
eeg 667.861999512 804.395385742 817.555236816 929.413879395
eeg 659.637145996 748.466064453 746.821105957 834.005004883
eeg 667.861999512 748.466064453 825.780151367 807.68536377
eeg 692.536743164 748.466064453 852.09979248 781.365661621
a nan nan nan nan
b nan nan nan nan
d nan nan nan nan
g nan nan nan nan
t nan nan nan nan
h 4.0 4.0 4.0 4.0
c 0.0
Aa 0.0 0.0 0.0 0.0
Ab 0.0 0.0 0.0 0.0
Ad 0.0 0.0 0.0 0.0
Ag 0.0 0.0 0.0 0.0
At 0.0 0.0 0.0 0.0
as 0.0 0.0 0.0 0.0
bs 0.0 0.0 0.0 0.0
ds 0.0 0.0 0.0 0.0
gs 0.0 0.0 0.0 0.0
ts 0.0 0.0 0.0 0.0
eeg 692.536743164 748.466064453 825.780151367 728.726318359
eeg 687.601806641 748.466064453 852.09979248 834.005004883
eeg 682.666870117 695.826660156 773.14074707 860.324707031
eeg 697.471679688 643.187316895 746.821105957 807.68536377
eeg 707.341552734 748.466064453 878.419494629 781.365661621
eeg 697.471679688 748.466064453 878.419494629 755.045959473
eeg 687.601806641 748.466064453 878.419494629 834.005004883
eeg 702.406616211 695.826660156 799.460449219 886.64440918
eeg 677.731872559 695.826660156 746.821105957 807.68536377
eeg 687.601806641 801.105407715 825.780151367 807.68536377
eeg 702.406616211 853.744812012 878.419494629 781.365661621
eeg 705.696594238 801.105407715 852.09979248 755.045959473
eeg 692.536743164 801.105407715 852.09979248 860.324707031
eeg 681.021850586 801.105407715 799.460449219 886.64440918
eeg 700.76159668 695.826660156 720.501403809 807.68536377
eeg 689.246765137 801.105407715 825.780151367 755.045959473
eeg 689.246765137 801.105407715 799.460449219 755.045959473
eeg 682.666870117 801.105407715 773.14074707 834.005004883
eeg 685.956787109 748.466064453 694.18170166 886.64440918
eeg 695.826660156 748.466064453 667.861999512 807.68536377
eeg 685.956787109 801.105407715 773.14074707 807.68536377
eeg 690.891723633 853.744812012 825.780151367 807.68536377
a nan nan nan nan
b nan nan nan nan
d nan nan nan nan
g nan nan nan nan
t nan nan nan nan
h 4.0 4.0 4.0 4.0
c 0.0
Aa 0.0 0.0 0.0 0.0
Ab 0.0 0.0 0.0 0.0
Ad 0.0 0.0 0.0 0.0
Ag 0.0 0.0 0.0 0.0
At 0.0 0.0 0.0 0.0
as 0.0 0.0 0.0 0.0
bs 0.0 0.0 0.0 0.0
ds 0.0 0.0 0.0 0.0
gs 0.0 0.0 0.0 0.0
ts 0.0 0.0 0.0 0.0
eeg 695.826660156 801.105407715 799.460449219 781.365661621
eeg 697.471679688 801.105407715 799.460449219 860.324707031
eeg 697.471679688 801.105407715 773.14074707 886.64440918
eeg 697.471679688 748.466064453 720.501403809 807.68536377
eeg 699.116638184 853.744812012 852.09979248 807.68536377
eeg 695.826660156 853.744812012 878.419494629 807.68536377
eeg 690.891723633 801.105407715 852.09979248 860.324707031
eeg 695.826660156 801.105407715 799.460449219 939.283752441
