eeg 801.105407715 761.625915527 704.051574707 768.205810547
eeg 799.460449219 814.265258789 756.690979004 873.484558105
eeg 837.29498291 866.904663086 809.330322266 886.64440918
eeg 827.425109863 866.904663086 809.330322266 899.804260254
eeg 778.075683594 919.544006348 861.969726562 807.68536377
eeg 812.620300293 866.904663086 809.330322266 761.625915527
eeg 820.845214844 814.265258789 756.690979004 840.584960938
eeg 837.29498291 919.544006348 861.969726562 893.224304199
eeg 791.235534668 919.544006348 861.969726562 860.324707031
eeg 829.070068359 972.183410645 861.969726562 893.224304199
eeg 806.040344238 866.904663086 809.330322266 801.105407715
eeg 801.105407715 866.904663086 809.330322266 768.205810547
eeg 809.330322266 919.544006348 861.969726562 873.484558105
eeg 835.650024414 919.544006348 861.969726562 880.064453125
eeg 817.555236816 919.544006348 861.969726562 880.064453125
eeg 812.620300293 919.544006348 861.969726562 801.105407715
eeg 815.91027832 814.265258789 783.010620117 748.466064453
eeg 834.005004883 761.625915527 704.051574707 801.105407715
eeg 842.229919434 893.224304199 835.650024414 827.425109863
eeg 797.815490723 893.224304199 835.650024414 801.105407715
eeg 848.809875488 893.224304199 835.650024414 827.425109863
a nan nan nan nan
b nan nan nan nan
d nan nan nan nan
g nan nan nan nan
t nan nan nan nan
h 4.0 4.0 4.0 4.0
c 0.0
Aa 0.0 0.0 0.0 0.0
Ab 0.0 0.0 0.0 0.0
Ad 0.0 0.0 0.0 0.0
Ag 0.0 0.0 0.0 0.0
At 0.0 0.0 0.0 0.0
as 0.0 0.0 0.0 0.0
bs 0.0 0.0 0.0 0.0
ds 0.0 0.0 0.0 0.0
gs 0.0 0.0 0.0 0.0
ts 0.0 0.0 0.0 0.0
eeg 830.715087891 814.265258789 756.690979004 774.785766602
eeg 802.750427246 787.945556641 730.371276855 748.466064453
eeg 817.555236816 866.904663086 835.650024414 853.744812012
eeg 853.744812012 919.544006348 861.969726562 853.744812012
eeg 820.845214844 893.224304199 861.969726562 853.744812012
eeg 789.590576172 893.224304199 861.969726562 801.105407715
eeg 812.620300293 814.265258789 809.330322266 774.785766602
eeg 824.135131836 787.945556641 756.690979004 853.744812012
eeg 852.09979248 893.224304199 888.289367676 906.384155273
eeg 792.880554199 893.224304199 888.289367676 853.744812012
eeg 829.070068359 893.224304199 888.289367676 853.744812012
eeg 815.91027832 787.945556641 835.650024414 801.105407715
eeg 804.395385742 735.306213379 756.690979004 774.785766602
eeg 822.49017334 787.945556641 835.650024414 880.064453125
eeg 848.809875488 840.584960938 861.969726562 880.064453125
eeg 825.780151367 840.584960938 835.650024414 853.744812012
eeg 799.460449219 840.584960938 835.650024414 801.105407715
eeg 819.200195312 787.945556641 809.330322266 774.785766602
eeg 850.454833984 735.306213379 730.371276855 853.744812012
eeg 855.389770508 840.584960938 861.969726562 906.384155273
eeg 810.975280762 840.584960938 861.969726562 853.744812012
eeg 847.164855957 840.584960938 835.650024414 853.744812012
a nan nan nan nan
b nan nan nan nan
d nan nan nan nan
g nan nan nan nan
t nan nan nan nan
h 4.0 4.0 4.0 4.0
c 0.0
Aa 0.0 0.0 0.0 0.0
Ab 0.0 0.0 0.0 0.0
Ad 0.0 0.0 0.0 0.0
Ag 0.0 0.0 0.0 0.0
At 0.0 0.0 0.0 0.0
as 0.0 0.0 0.0 0.0
bs 0.0 0.0 0.0 0.0
ds 0.0 0.0 0.0 0.0
gs 0.0 0.0 0.0 0.0
ts 0.0 0.0 0.0 0.0
eeg 835.650024414 787.945556641 783.010620117 827.425109863
eeg 820.845214844 787.945556641 756.690979004 774.785766602
eeg 834.005004883 840.584960938 835.650024414 880.064453125
eeg 850.454833984 893.224304199 888.289367676 880.064453125
eeg 832.360046387 893.224304199 861.969726562 853.744812012
eeg 802.750427246 866.904663086 888.289367676 748.466064453
eeg 822.49017334 787.945556641 835.650024414 748.466064453
eeg 837.29498291 735.306213379 783.010620117 801.105407715
eeg 858.679748535 840.584960938 888.289367676 853.744812012
eeg 817.555236816 840.584960938 888.289367676 801.105407715
eeg 845.519897461 840.584960938 861.969726562 801.105407715
eeg 834.005004883 787.945556641 809.330322266 801.105407715
eeg 801.105407715 761.625915527 783.010620117 748.466064453
eeg 814.265258789 866.904663086 888.289367676 853.744812012
eeg 843.874938965 893.224304199 914.609069824 853.744812012
eeg 817.555236816 840.584960938 861.969726562 801.105407715
eeg 812.620300293 840.584960938 861.969726562 801.105407715
eeg 824.135131836 787.945556641 809.330322266 801.105407715
eeg 843.874938965 761.625915527 783.010620117 853.744812012
eeg 863.614685059 866.904663086 888.289367676 906.384155273
eeg 815.91027832 893.224304199 914.609069824 853.744812012
eeg 845.519897461 893.224304199 861.969726562 837.29498291
a nan nan nan nan
b nan nan nan nan
d nan nan nan nan
g nan nan nan nan
t nan nan nan nan
h 4.0 4.0 4.0 4.0
c 0.0
Aa 0.0 0.0 0.0 0.0
Ab 0.0 0.0 0.0 0.0
Ad 0.0 0.0 0.0 0.0
Ag 0.0 0.0 0.0 0.0
At 0.0 0.0 0.0 0.0
as 0.0 0.0 0.0 0.0
bs 0.0 0.0 0.0 0.0
ds 0.0 0.0 0.0 0.0
gs 0.0 0.0 0.0 0.0
ts 0.0 0.0 0.0 0.0
eeg 842.229919434 840.584960938 809.330322266 824.135131836
eeg 817.555236816 840.584960938 809.330322266 753.401000977
eeg 824.135131836 893.224304199 861.969726562 875.129516602
eeg 852.09979248 945.863708496 914.609069824 898.159240723
eeg 832.360046387 893.224304199 861.969726562 824.135131836
eeg 802.750427246 893.224304199 861.969726562 797.815490723
eeg 830.715087891 893.224304199 861.969726562 766.560852051
eeg 863.614685059 840.584960938 756.690979004 852.09979248
eeg 866.904663086 945.863708496 861.969726562 922.833984375
eeg 825.780151367 945.863708496 861.969726562 838.940002441
eeg 852.09979248 893.224304199 809.330322266 819.200195312
eeg 853.744812012 840.584960938 809.330322266 812.620300293
eeg 812.620300293 840.584960938 809.330322266 756.690979004
eeg 825.780151367 893.224304199 861.969726562 870.194580078
eeg 858.679748535 945.863708496 914.609069824 903.094238281
eeg 838.940002441 866.904663086 835.650024414 797.815490723
eeg 809.330322266 814.265258789 783.010620117 797.815490723
eeg 827.425109863 814.265258789 783.010620117 771.495788574
eeg 847.164855957 761.625915527 730.371276855 850.454833984
eeg 868.549621582 866.904663086 861.969726562 903.094238281
eeg 820.845214844 866.904663086 861.969726562 824.135131836
eeg 847.164855957 787.945556641 783.010620117 797.815490723
a nan nan nan nan
b nan nan nan nan
d nan nan nan nan
g nan nan nan nan
t nan nan nan nan
h 4.0 4.0 4.0 4.0
c 0.0
Aa 0.0 0.0 0.0 0.0
Ab 0.0 0.0 0.0 0.0
Ad 0.0 0.0 0.0 0.0
Ag 0.0 0.0 0.0 0.0
At 0.0 0.0 0.0 0.0
as 0.0 0.0 0.0 0.0
bs 0.0 0.0 0.0 0.0
ds 0.0 0.0 0.0 0.0
gs 0.0 0.0 0.0 0.0
ts 0.0 0.0 0.0 0.0
eeg 840.584960938 761.625915527 783.010620117 797.815490723
eeg 814.265258789 761.625915527 783.010620117 771.495788574
eeg 819.200195312 840.584960938 861.969726562 876.774536133
eeg 858.679748535 893.224304199 914.609069824 903.094238281
eeg 838.940002441 814.265258789 835.650024414 797.815490723
eeg 810.975280762 814.265258789 809.330322266 797.815490723
eeg 825.780151367 814.265258789 809.330322266 797.815490723
eeg 845.519897461 787.945556641 783.010620117 876.774536133
eeg 866.904663086 866.904663086 861.969726562 929.413879395
eeg 834.005004883 894.86932373 898.159240723 830.715087891
eeg 850.454833984 799.460449219 789.590576172 797.815490723
eeg 843.874938965 791.235534668 796.170471191 814.265258789
eeg 815.91027832 778.075683594 779.720703125 784.655639648
eeg 817.555236816 853.744812012 865.259643555 860.324707031
eeg 848.809875488 929.413879395 934.348815918 909.674133301
eeg 829.070068359 825.780151367 838.940002441 791.235534668
eeg 802.750427246 802.750427246 802.750427246 791.235534668
eeg 815.91027832 783.010620117 789.590576172 787.945556641
eeg 835.650024414 779.720703125 789.590576172 863.614685059
eeg 865.259643555 866.904663086 871.839599609 929.413879395
eeg 804.395385742 917.899047852 924.478942871 827.425109863
eeg 835.650024414 794.525512695 812.620300293 791.235534668
a nan nan nan nan
b nan nan nan nan
d nan nan nan nan
g nan nan nan nan
t nan nan nan nan
h 4.0 4.0 4.0 4.0
c 0.0
Aa 0.0 0.0 0.0 0.0
Ab 0.0 0.0 0.0 0.0
Ad 0.0 0.0 0.0 0.0
Ag 0.0 0.0 0.0 0.0
At 0.0 0.0 0.0 0.0
as 0.0 0.0 0.0 0.0
bs 0.0 0.0 0.0 0.0
ds 0.0 0.0 0.0 0.0
gs 0.0 0.0 0.0 0.0
ts 0.0 0.0 0.0 0.0
eeg 829.070068359 766.560852051 776.430725098 814.265258789
eeg 801.105407715 776.430725098 783.010620117 797.815490723
eeg 814.265258789 858.679748535 881.709472656 863.614685059
eeg 848.809875488 935.993835449 960.668518066 916.25402832
eeg 824.135131836 829.070068359 881.709472656 810.975280762
eeg 817.555236816 791.235534668 829.070068359 810.975280762
eeg 829.070068359 812.620300293 855.389770508 810.975280762
eeg 857.034729004 796.170471191 855.389770508 863.614685059
eeg 866.904663086 838.940002441 908.029174805 916.25402832
eeg 829.070068359 870.194580078 934.348815918 837.29498291
eeg 838.940002441 787.945556641 829.070068359 810.975280762
eeg 852.09979248 776.430725098 829.070068359 837.29498291
eeg 819.200195312 797.815490723 829.070068359 837.29498291
eeg 829.070068359 866.904663086 881.709472656 889.934387207
eeg 858.679748535 924.478942871 934.348815918 916.25402832
eeg 842.229919434 802.750427246 829.070068359 810.975280762
eeg 812.620300293 791.235534668 802.750427246 810.975280762
eeg 832.360046387 786.300598145 802.750427246 810.975280762
eeg 847.164855957 802.750427246 802.750427246 863.614685059
eeg 863.614685059 870.194580078 868.549621582 927.768920898
eeg 817.555236816 935.993835449 927.768920898 822.49017334
eeg 832.360046387 804.395385742 809.330322266 796.170471191
a nan nan nan nan
b nan nan nan nan
d nan nan nan nan
g nan nan nan nan
t nan nan nan nan
h 4.0 4.0 4.0 4.0
c 0.0
Aa 0.0 0.0 0.0 0.0
Ab 0.0 0.0 0.0 0.0
Ad 0.0 0.0 0.0 0.0
Ag 0.0 0.0 0.0 0.0
At 0.0 0.0 0.0 0.0
as 0.0 0.0 0.0 0.0
bs 0.0 0.0 0.0 0.0
ds 0.0 0.0 0.0 0.0
gs 0.0 0.0 0.0 0.0
ts 0.0 0.0 0.0 0.0
eeg 845.519897461 784.655639648 783.010620117 822.49017334
eeg 814.265258789 807.68536377 809.330322266 822.49017334
eeg 820.845214844 876.774536133 881.709472656 848.809875488
eeg 848.809875488 935.993835449 927.768920898 901.44921875
eeg 834.005004883 820.845214844 815.91027832 796.170471191
eeg 814.265258789 784.655639648 783.010620117 796.170471191
eeg 827.425109863 797.815490723 796.170471191 822.49017334
eeg 850.454833984 824.135131836 829.070068359 848.809875488
eeg 860.324707031 850.454833984 868.549621582 901.44921875
eeg 817.555236816 922.833984375 927.768920898 822.49017334
eeg 829.070068359 778.075683594 796.170471191 796.170471191
eeg 855.389770508 784.655639648 796.170471191 848.809875488
eeg 814.265258789 810.975280762 822.49017334 848.809875488
eeg 827.425109863 876.774536133 881.709472656 875.129516602
eeg 843.874938965 955.733581543 934.348815918 954.088623047
eeg 830.715087891 876.774536133 855.389770508 848.809875488
eeg 815.91027832 850.454833984 829.070068359 848.809875488
eeg 825.780151367 850.454833984 829.070068359 875.129516602
eeg 850.454833984 876.774536133 855.389770508 901.44921875
eeg 855.389770508 876.774536133 881.709472656 927.768920898
eeg 814.265258789 929.413879395 934.348815918 848.809875488
eeg 825.780151367 824.135131836 829.070068359 796.170471191
a nan nan nan nan
b nan nan nan nan
d nan nan nan nan
g nan nan nan nan
t nan nan nan nan
h 4.0 4.0 4.0 4.0
c 0.0
Aa 0.0 0.0 0.0 0.0
Ab 0.0 0.0 0.0 0.0
Ad 0.0 0.0 0.0 0.0
Ag 0.0 0.0 0.0 0.0
At 0.0 0.0 0.0 0.0
as 0.0 0.0 0.0 0.0
bs 0.0 0.0 0.0 0.0
ds 0.0 0.0 0.0 0.0
gs 0.0 0.0 0.0 0.0
ts 0.0 0.0 0.0 0.0
eeg 845.519897461 824.135131836 802.750427246 848.809875488
eeg 810.975280762 850.454833984 855.389770508 848.809875488
eeg 822.49017334 903.094238281 881.709472656 848.809875488
eeg 838.940002441 929.413879395 908.029174805 901.44921875
eeg 824.135131836 824.135131836 802.750427246 796.170471191
eeg 817.555236816 797.815490723 776.430725098 796.170471191
eeg 822.49017334 850.454833984 855.389770508 848.809875488
eeg 857.034729004 850.454833984 855.389770508 875.129516602
eeg 852.09979248 903.094238281 908.029174805 927.768920898
eeg 825.780151367 955.733581543 986.988220215 927.768920898
eeg 822.49017334 797.815490723 829.070068359 875.129516602
eeg 858.679748535 797.815490723 829.070068359 927.768920898
eeg 817.555236816 850.454833984 881.709472656 927.768920898
eeg 827.425109863 903.094238281 908.029174805 927.768920898
eeg 853.744812012 929.413879395 934.348815918 980.40826416
eeg 838.940002441 824.135131836 829.070068359 875.129516602
eeg 824.135131836 797.815490723 802.750427246 875.129516602
eeg 834.005004883 850.454833984 881.709472656 927.768920898
eeg 861.969726562 850.454833984 881.709472656 927.768920898
eeg 848.809875488 850.454833984 881.709472656 927.768920898
eeg 822.49017334 929.413879395 934.348815918 875.129516602
eeg 819.200195312 771.495788574 802.750427246 822.49017334
a nan nan nan nan
b nan nan nan nan
d nan nan nan nan
g nan nan nan nan
t nan nan nan nan
h 4.0 4.0 4.0 4.0
c 0.0
Aa 0.0 0.0 0.0 0.0
Ab 0.0 0.0 0.0 0.0
Ad 0.0 0.0 0.0 0.0
Ag 0.0 0.0 0.0 0.0
At 0.0 0.0 0.0 0.0
as 0.0 0.0 0.0 0.0
bs 0.0 0.0 0.0 0.0
ds 0.0 0.0 0.0 0.0
gs 0.0 0.0 0.0 0.0
ts 0.0 0.0 0.0 0.0
eeg 853.744812012 797.815490723 802.750427246 875.129516602
eeg 815.91027832 850.454833984 855.389770508 875.129516602
eeg 806.040344238 903.094238281 802.750427246 848.809875488
eeg 835.650024414 929.413879395 802.750427246 901.44921875
eeg 817.555236816 824.135131836 750.111022949 796.170471191
eeg 799.460449219 771.495788574 697.471679688 769.850830078
eeg 802.750427246 797.815490723 750.111022949 848.809875488
eeg 848.809875488 850.454833984 802.750427246 848.809875488
eeg 837.29498291 850.454833984 802.750427246 875.129516602
eeg 825.780151367 903.094238281 855.389770508 796.170471191
eeg 819.200195312 797.815490723 802.750427246 743.53112793
eeg 842.229919434 771.495788574 750.111022949 822.49017334
eeg 822.49017334 876.774536133 855.389770508 848.809875488
eeg 817.555236816 876.774536133 855.389770508 848.809875488
eeg 857.034729004 903.094238281 855.389770508 875.129516602
eeg 848.809875488 797.815490723 802.750427246 796.170471191
eeg 806.040344238 745.176086426 750.111022949 769.850830078
eeg 824.135131836 850.454833984 855.389770508 875.129516602
eeg 853.744812012 876.774536133 863.614685059 901.44921875
eeg 834.005004883 903.094238281 850.454833984 901.44921875
eeg 824.135131836 929.413879395 889.934387207 822.49017334
eeg 814.265258789 797.815490723 773.14074707 769.850830078
a nan nan nan nan
b nan nan nan nan
d nan nan nan nan
g nan nan nan nan
t nan nan nan nan
h 4.0 4.0 4.0 4.0
c 0.0
Aa 0.0 0.0 0.0 0.0
Ab 0.0 0.0 0.0 0.0
Ad 0.0 0.0 0.0 0.0
Ag 0.0 0.0 0.0 0.0
At 0.0 0.0 0.0 0.0
as 0.0 0.0 0.0 0.0
bs 0.0 0.0 0.0 0.0
ds 0.0 0.0 0.0 0.0
gs 0.0 0.0 0.0 0.0
ts 0.0 0.0 0.0 0.0
eeg 845.519897461 797.815490723 758.3359375 848.809875488
eeg 834.005004883 876.774536133 866.904663086 875.129516602
eeg 830.715087891 903.094238281 894.86932373 875.129516602
eeg 850.454833984 903.094238281 899.804260254 901.44921875
eeg 835.650024414 824.135131836 817.555236816 822.49017334
eeg 814.265258789 771.495788574 748.466064453 796.170471191
eeg 829.070068359 850.454833984 843.874938965 901.44921875
eeg 863.614685059 876.774536133 889.934387207 901.44921875
eeg 843.874938965 850.454833984 855.389770508 901.44921875
eeg 834.005004883 876.774536133 889.934387207 822.49017334
eeg 814.265258789 771.495788574 791.235534668 769.850830078
eeg 861.969726562 771.495788574 771.495788574 848.809875488
eeg 838.940002441 876.774536133 876.774536133 848.809875488
eeg 832.360046387 876.774536133 876.774536133 822.49017334
eeg 848.809875488 876.774536133 876.774536133 848.809875488
eeg 838.940002441 824.135131836 797.815490723 796.170471191
eeg 814.265258789 771.495788574 745.176086426 769.850830078
eeg 817.555236816 824.135131836 797.815490723 875.129516602
eeg 853.744812012 876.774536133 850.454833984 875.129516602
eeg 829.070068359 876.774536133 824.135131836 875.129516602
eeg 799.460449219 876.774536133 850.454833984 822.49017334
eeg 814.265258789 824.135131836 824.135131836 769.850830078
a nan nan nan nan
b nan nan nan nan
d nan nan nan nan
g nan nan nan nan
t nan nan nan nan
h 4.0 4.0 4.0 4.0
c 0.0
Aa 0.0 0.0 0.0 0.0
Ab 0.0 0.0 0.0 0.0
Ad 0.0 0.0 0.0 0.0
Ag 0.0 0.0 0.0 0.0
At 0.0 0.0 0.0 0.0
as 0.0 0.0 0.0 0.0
bs 0.0 0.0 0.0 0.0
ds 0.0 0.0 0.0 0.0
gs 0.0 0.0 0.0 0.0
ts 0.0 0.0 0.0 0.0
eeg 845.519897461 771.495788574 745.176086426 848.809875488
eeg 847.164855957 876.774536133 903.094238281 875.129516602
eeg 827.425109863 876.774536133 876.774536133 848.809875488
eeg 852.09979248 876.774536133 876.774536133 848.809875488
eeg 852.09979248 824.135131836 797.815490723 796.170471191
eeg 822.49017334 771.495788574 745.176086426 769.850830078
eeg 847.164855957 850.454833984 883.354431152 901.44921875
eeg 868.549621582 824.135131836 896.514282227 901.44921875
eeg 848.809875488 797.815490723 857.034729004 901.44921875
eeg 817.555236816 797.815490723 857.034729004 848.809875488
eeg 817.555236816 718.856384277 784.655639648 796.170471191
eeg 845.519897461 692.536743164 751.75604248 875.129516602
eeg 850.454833984 797.815490723 870.194580078 927.768920898
eeg 834.005004883 824.135131836 896.514282227 875.129516602
eeg 860.324707031 824.135131836 870.194580078 875.129516602
eeg 845.519897461 771.495788574 791.235534668 822.49017334
eeg 817.555236816 745.176086426 758.3359375 769.850830078
eeg 824.135131836 824.135131836 857.034729004 875.129516602
eeg 847.164855957 876.774536133 909.674133301 875.129516602
eeg 834.005004883 824.135131836 843.874938965 848.809875488
eeg 824.135131836 850.454833984 850.454833984 796.170471191
eeg 820.845214844 771.495788574 778.075683594 769.850830078
a nan nan nan nan
b nan nan nan nan
d nan nan nan nan
g nan nan nan nan
t nan nan nan nan
h 4.0 4.0 4.0 4.0
c 0.0
Aa 0.0 0.0 0.0 0.0
Ab 0.0 0.0 0.0 0.0
Ad 0.0 0.0 0.0 0.0
Ag 0.0 0.0 0.0 0.0
At 0.0 0.0 0.0 0.0
as 0.0 0.0 0.0 0.0
bs 0.0 0.0 0.0 0.0
ds 0.0 0.0 0.0 0.0
gs 0.0 0.0 0.0 0.0
ts 0.0 0.0 0.0 0.0
eeg 873.484558105 745.176086426 751.75604248 822.49017334
eeg 855.389770508 850.454833984 857.034729004 875.129516602
eeg 834.005004883 850.454833984 830.715087891 822.49017334
eeg 865.259643555 850.454833984 804.395385742 822.49017334
eeg 861.969726562 771.495788574 751.75604248 796.170471191
eeg 830.715087891 745.176086426 725.436340332 743.53112793
eeg 840.584960938 797.815490723 778.075683594 848.809875488
eeg 852.09979248 876.774536133 857.034729004 848.809875488
eeg 838.940002441 824.135131836 804.395385742 822.49017334
eeg 819.200195312 824.135131836 804.395385742 796.170471191
eeg 825.780151367 797.815490723 804.395385742 769.850830078
eeg 842.229919434 718.856384277 725.436340332 848.809875488
eeg 857.034729004 850.454833984 857.034729004 901.44921875
eeg 810.975280762 876.774536133 883.354431152 822.49017334
eeg 848.809875488 850.454833984 830.715087891 822.49017334
eeg 843.874938965 797.815490723 804.395385742 796.170471191
eeg 804.395385742 753.401000977 755.045959473 748.466064453
eeg 817.555236816 806.040344238 860.324707031 866.904663086
eeg 853.744812012 858.679748535 912.964111328 880.064453125
eeg 832.360046387 779.720703125 834.005004883 814.265258789
eeg 820.845214844 779.720703125 834.005004883 787.945556641
eeg 830.715087891 727.081298828 807.68536377 748.466064453
a nan nan nan nan
b nan nan nan nan
d nan nan nan nan
g nan nan nan nan
t nan nan nan nan
h 4.0 4.0 4.0 4.0
c 0.0
Aa 0.0 0.0 0.0 0.0
Ab 0.0 0.0 0.0 0.0
Ad 0.0 0.0 0.0 0.0
Ag 0.0 0.0 0.0 0.0
At 0.0 0.0 0.0 0.0
as 0.0 0.0 0.0 0.0
bs 0.0 0.0 0.0 0.0
ds 0.0 0.0 0.0 0.0
gs 0.0 0.0 0.0 0.0
ts 0.0 0.0 0.0 0.0
eeg 866.904663086 700.76159668 781.365661621 840.584960938
eeg 861.969726562 806.040344238 886.64440918 899.804260254
eeg 827.425109863 806.040344238 886.64440918 834.005004883
eeg 865.259643555 779.720703125 834.005004883 814.265258789
eeg 868.549621582 727.081298828 781.365661621 814.265258789
eeg 824.135131836 727.081298828 781.365661621 748.466064453
eeg 843.874938965 779.720703125 834.005004883 873.484558105
eeg 866.904663086 858.679748535 912.964111328 893.224304199
eeg 845.519897461 806.040344238 860.324707031 814.265258789
eeg 827.425109863 806.040344238 834.005004883 794.525512695
eeg 834.005004883 806.040344238 834.005004883 768.205810547
eeg 860.324707031 727.081298828 728.726318359 847.164855957
eeg 866.904663086 858.679748535 781.365661621 899.804260254
eeg 837.29498291 858.679748535 781.365661621 820.845214844
eeg 861.969726562 806.040344238 728.726318359 820.845214844
eeg 863.614685059 779.720703125 728.726318359 820.845214844
eeg 840.584960938 779.720703125 728.726318359 768.205810547
eeg 847.164855957 858.679748535 781.365661621 873.484558105
eeg 852.09979248 911.319091797 834.005004883 899.804260254
eeg 845.519897461 832.360046387 781.365661621 820.845214844
eeg 822.49017334 806.040344238 781.365661621 820.845214844
eeg 840.584960938 806.040344238 781.365661621 794.525512695
a nan nan nan nan
b nan nan nan nan
d nan nan nan nan
g nan nan nan nan
t nan nan nan nan
h 4.0 4.0 4.0 4.0
c 0.0
Aa 0.0 0.0 0.0 0.0
Ab 0.0 0.0 0.0 0.0
Ad 0.0 0.0 0.0 0.0
Ag 0.0 0.0 0.0 0.0
At 0.0 0.0 0.0 0.0
as 0.0 0.0 0.0 0.0
bs 0.0 0.0 0.0 0.0
ds 0.0 0.0 0.0 0.0
gs 0.0 0.0 0.0 0.0
ts 0.0 0.0 0.0 0.0
eeg 866.904663086 753.401000977 728.726318359 873.484558105
eeg 866.904663086 858.679748535 834.005004883 926.123962402
eeg 825.780151367 858.679748535 834.005004883 847.164855957
eeg 855.389770508 806.040344238 781.365661621 820.845214844
eeg 853.744812012 779.720703125 781.365661621 820.845214844
eeg 827.425109863 753.401000977 781.365661621 768.205810547
eeg 837.29498291 858.679748535 886.64440918 847.164855957
eeg 866.904663086 884.999450684 912.964111328 873.484558105
eeg 855.389770508 806.040344238 834.005004883 768.205810547
eeg 829.070068359 779.720703125 807.68536377 768.205810547
eeg 847.164855957 779.720703125 807.68536377 768.205810547
eeg 870.194580078 779.720703125 807.68536377 847.164855957
eeg 870.194580078 832.360046387 886.64440918 899.804260254
eeg 848.809875488 884.999450684 912.964111328 820.845214844
eeg 847.164855957 806.040344238 834.005004883 794.525512695
eeg 865.259643555 779.720703125 807.68536377 820.845214844
eeg 830.715087891 779.720703125 807.68536377 794.525512695
eeg 837.29498291 832.360046387 860.324707031 873.484558105
eeg 880.064453125 911.319091797 912.964111328 899.804260254
eeg 868.549621582 806.040344238 807.68536377 794.525512695
eeg 829.070068359 806.040344238 807.68536377 794.525512695
eeg 850.454833984 806.040344238 807.68536377 768.205810547
a nan nan nan nan
b nan nan nan nan
d nan nan nan nan
g nan nan nan nan
t nan nan nan nan
h 4.0 4.0 4.0 4.0
c 0.0
Aa 0.0 0.0 0.0 0.0
Ab 0.0 0.0 0.0 0.0
Ad 0.0 0.0 0.0 0.0
Ag 0.0 0.0 0.0 0.0
At 0.0 0.0 0.0 0.0
as 0.0 0.0 0.0 0.0
bs 0.0 0.0 0.0 0.0
ds 0.0 0.0 0.0 0.0
gs 0.0 0.0 0.0 0.0
ts 0.0 0.0 0.0 0.0
eeg 866.904663086 806.040344238 807.68536377 847.164855957
eeg 868.549621582 884.999450684 912.964111328 899.804260254
eeg 840.584960938 884.999450684 912.964111328 820.845214844
eeg 840.584960938 779.720703125 807.68536377 794.525512695
eeg 860.324707031 753.401000977 781.365661621 820.845214844
eeg 838.940002441 753.401000977 781.365661621 794.525512695
eeg 850.454833984 806.040344238 834.005004883 873.484558105
eeg 857.034729004 884.999450684 912.964111328 899.804260254
eeg 850.454833984 806.040344238 860.324707031 794.525512695
eeg 822.49017334 779.720703125 807.68536377 794.525512695
eeg 843.874938965 806.040344238 834.005004883 794.525512695
eeg 881.709472656 806.040344238 807.68536377 847.164855957
eeg 865.259643555 884.999450684 886.64440918 899.804260254
eeg 832.360046387 911.319091797 912.964111328 820.845214844
eeg 835.650024414 806.040344238 807.68536377 794.525512695
eeg 866.904663086 753.401000977 860.324707031 820.845214844
eeg 832.360046387 753.401000977 860.324707031 820.845214844
eeg 852.09979248 806.040344238 912.964111328 873.484558105
eeg 873.484558105 858.679748535 965.60345459 926.123962402
eeg 863.614685059 806.040344238 912.964111328 820.845214844
eeg 832.360046387 806.040344238 860.324707031 820.845214844
eeg 848.809875488 806.040344238 860.324707031 820.845214844
a nan nan nan nan
b nan nan nan nan
d nan nan nan nan
g nan nan nan nan
t nan nan nan nan
h 4.0 4.0 4.0 4.0
c 0.0
Aa 0.0 0.0 0.0 0.0
Ab 0.0 0.0 0.0 0.0
Ad 0.0 0.0 0.0 0.0
Ag 0.0 0.0 0.0 0.0
At 0.0 0.0 0.0 0.0
as 0.0 0.0 0.0 0.0
bs 0.0 0.0 0.0 0.0
ds 0.0 0.0 0.0 0.0
gs 0.0 0.0 0.0 0.0
ts 0.0 0.0 0.0 0.0
eeg 866.904663086 806.040344238 860.324707031 873.484558105
eeg 863.614685059 858.679748535 912.964111328 899.804260254
eeg 838.940002441 911.319091797 965.60345459 820.845214844
eeg 832.360046387 806.040344238 860.324707031 794.525512695
eeg 863.614685059 806.040344238 807.68536377 820.845214844
eeg 819.200195312 806.040344238 807.68536377 820.845214844
eeg 830.715087891 858.679748535 860.324707031 847.164855957
eeg 853.744812012 911.319091797 860.324707031 899.804260254
eeg 837.29498291 806.040344238 807.68536377 794.525512695
eeg 817.555236816 759.980895996 781.365661621 794.525512695
eeg 827.425109863 799.460449219 834.005004883 820.845214844
eeg 860.324707031 812.620300293 860.324707031 873.484558105
eeg 858.679748535 848.809875488 912.964111328 899.804260254
eeg 817.555236816 917.899047852 991.923156738 820.845214844
eeg 827.425109863 759.980895996 860.324707031 794.525512695
eeg 845.519897461 779.720703125 860.324707031 847.164855957
eeg 820.845214844 812.620300293 886.64440918 847.164855957
eeg 824.135131836 904.739196777 965.60345459 873.484558105
eeg 845.519897461 934.348815918 965.60345459 926.123962402
eeg 829.070068359 819.200195312 860.324707031 820.845214844
eeg 799.460449219 769.850830078 807.68536377 820.845214844
eeg 809.330322266 796.170471191 834.005004883 873.484558105
a nan nan nan nan
b nan nan nan nan
d nan nan nan nan
g nan nan nan nan
t nan nan nan nan
h 4.0 4.0 4.0 4.0
c 0.0
Aa 0.0 0.0 0.0 0.0
Ab 0.0 0.0 0.0 0.0
Ad 0.0 0.0 0.0 0.0
Ag 0.0 0.0 0.0 0.0
At 0.0 0.0 0.0 0.0
as 0.0 0.0 0.0 0.0
bs 0.0 0.0 0.0 0.0
ds 0.0 0.0 0.0 0.0
gs 0.0 0.0 0.0 0.0
ts 0.0 0.0 0.0 0.0
eeg 843.874938965 838.940002441 860.324707031 899.804260254
eeg 852.09979248 845.519897461 860.324707031 926.123962402
eeg 797.815490723 947.508666992 939.283752441 820.845214844
eeg 825.780151367 842.229919434 834.005004883 820.845214844
eeg 840.584960938 842.229919434 834.005004883 899.804260254
eeg 802.750427246 868.549621582 912.964111328 899.804260254
eeg 814.265258789 894.86932373 965.60345459 899.804260254
eeg 843.874938965 947.508666992 991.923156738 952.443603516
eeg 829.070068359 842.229919434 886.64440918 847.164855957
eeg 825.780151367 815.91027832 834.005004883 847.164855957
eeg 832.360046387 868.549621582 886.64440918 899.804260254
eeg 845.519897461 894.86932373 886.64440918 926.123962402
eeg 850.454833984 921.188964844 912.964111328 952.443603516
eeg 824.135131836 947.508666992 939.283752441 873.484558105
eeg 820.845214844 789.590576172 807.68536377 820.845214844
eeg 861.969726562 789.590576172 807.68536377 873.484558105
eeg 822.49017334 842.229919434 860.324707031 873.484558105
eeg 838.940002441 894.86932373 912.964111328 873.484558105
eeg 861.969726562 921.188964844 912.964111328 926.123962402
eeg 842.229919434 842.229919434 834.005004883 873.484558105
eeg 901.44921875 842.229919434 807.68536377 952.443603516
eeg 857.034729004 947.508666992 912.964111328 978.763305664
a nan nan nan nan
b nan nan nan nan
d nan nan nan nan
g nan nan nan nan
t nan nan nan nan
h 4.0 4.0 4.0 4.0
c 0.0
Aa 0.0 0.0 0.0 0.0
Ab 0.0 0.0 0.0 0.0
Ad 0.0 0.0 0.0 0.0
Ag 0.0 0.0 0.0 0.0
At 0.0 0.0 0.0 0.0
as 0.0 0.0 0.0 0.0
bs 0.0 0.0 0.0 0.0
ds 0.0 0.0 0.0 0.0
gs 0.0 0.0 0.0 0.0
ts 0.0 0.0 0.0 0.0
eeg 868.549621582 947.508666992 912.964111328 978.763305664
eeg 886.64440918 973.828369141 939.283752441 1005.08300781
eeg 883.354431152 894.86932373 860.324707031 926.123962402
eeg 852.09979248 815.91027832 781.365661621 899.804260254
eeg 870.194580078 894.86932373 886.64440918 1005.08300781
eeg 886.64440918 894.86932373 886.64440918 1005.08300781
eeg 868.549621582 894.86932373 860.324707031 1005.08300781
eeg 852.09979248 947.508666992 886.64440918 926.123962402
eeg 840.584960938 815.91027832 781.365661621 873.484558105
eeg 889.934387207 815.91027832 781.365661621 952.443603516
eeg 863.614685059 894.86932373 886.64440918 978.763305664
eeg 871.839599609 921.188964844 912.964111328 978.763305664
eeg 886.64440918 921.188964844 912.964111328 1005.08300781
