eeg 842.229919434 893.224304199 909.674133301 810.975280762
eeg 847.164855957 840.584960938 817.555236816 863.614685059
eeg 842.229919434 787.945556641 751.75604248 784.655639648
eeg 834.005004883 893.224304199 850.454833984 784.655639648
eeg 855.389770508 893.224304199 870.194580078 784.655639648
eeg 850.454833984 893.224304199 863.614685059 758.3359375
a nan nan nan nan
b nan nan nan nan
d nan nan nan nan
g nan nan nan nan
t nan nan nan nan
h 4.0 4.0 4.0 4.0
c 0.0
Aa 0.0 0.0 0.0 0.0
Ab 0.0 0.0 0.0 0.0
Ad 0.0 0.0 0.0 0.0
Ag 0.0 0.0 0.0 0.0
At 0.0 0.0 0.0 0.0
as 0.0 0.0 0.0 0.0
bs 0.0 0.0 0.0 0.0
ds 0.0 0.0 0.0 0.0
gs 0.0 0.0 0.0 0.0
ts 0.0 0.0 0.0 0.0
eeg 840.584960938 893.224304199 903.094238281 863.614685059
eeg 861.969726562 840.584960938 797.815490723 889.934387207
eeg 866.904663086 787.945556641 758.3359375 784.655639648
eeg 848.809875488 893.224304199 870.194580078 784.655639648
eeg 850.454833984 893.224304199 896.514282227 784.655639648
eeg 838.940002441 893.224304199 903.094238281 863.614685059
eeg 861.969726562 840.584960938 817.555236816 916.25402832
eeg 834.005004883 787.945556641 751.75604248 837.29498291
eeg 848.809875488 893.224304199 857.034729004 810.975280762
eeg 863.614685059 893.224304199 889.934387207 810.975280762
eeg 835.650024414 840.584960938 889.934387207 784.655639648
eeg 835.650024414 814.265258789 889.934387207 863.614685059
eeg 861.969726562 761.625915527 837.29498291 889.934387207
eeg 880.064453125 708.98651123 784.655639648 784.655639648
eeg 850.454833984 840.584960938 889.934387207 784.655639648
eeg 843.874938965 840.584960938 889.934387207 784.655639648
eeg 852.09979248 814.265258789 889.934387207 863.614685059
eeg 850.454833984 761.625915527 837.29498291 916.25402832
eeg 827.425109863 708.98651123 784.655639648 810.975280762
eeg 860.324707031 814.265258789 837.29498291 784.655639648
eeg 880.064453125 866.904663086 889.934387207 784.655639648
eeg 847.164855957 840.584960938 889.934387207 784.655639648
a nan nan nan nan
b nan nan nan nan
d nan nan nan nan
g nan nan nan nan
t nan nan nan nan
h 4.0 4.0 4.0 4.0
c 0.0
Aa 0.0 0.0 0.0 0.0
Ab 0.0 0.0 0.0 0.0
Ad 0.0 0.0 0.0 0.0
Ag 0.0 0.0 0.0 0.0
At 0.0 0.0 0.0 0.0
as 0.0 0.0 0.0 0.0
bs 0.0 0.0 0.0 0.0
ds 0.0 0.0 0.0 0.0
gs 0.0 0.0 0.0 0.0
ts 0.0 0.0 0.0 0.0
eeg 840.584960938 840.584960938 889.934387207 837.29498291
eeg 850.454833984 814.265258789 837.29498291 889.934387207
eeg 886.64440918 761.625915527 784.655639648 784.655639648
eeg 853.744812012 893.224304199 889.934387207 784.655639648
eeg 827.425109863 894.86932373 894.86932373 791.235534668
eeg 852.09979248 894.86932373 868.549621582 843.874938965
eeg 837.29498291 842.229919434 789.590576172 896.514282227
eeg 817.555236816 842.229919434 710.631530762 791.235534668
eeg 820.845214844 894.86932373 815.91027832 791.235534668
eeg 832.360046387 947.508666992 842.229919434 791.235534668
eeg 809.330322266 894.86932373 815.91027832 791.235534668
eeg 797.815490723 894.86932373 815.91027832 843.874938965
eeg 804.395385742 894.86932373 763.270874023 896.514282227
eeg 825.780151367 842.229919434 736.951171875 791.235534668
eeg 806.040344238 947.508666992 842.229919434 791.235534668
eeg 791.235534668 947.508666992 868.549621582 791.235534668
eeg 825.780151367 894.86932373 842.229919434 843.874938965
eeg 834.005004883 842.229919434 789.590576172 896.514282227
eeg 825.780151367 842.229919434 763.270874023 791.235534668
eeg 832.360046387 894.86932373 868.549621582 791.235534668
eeg 852.09979248 947.508666992 921.188964844 843.874938965
eeg 832.360046387 842.229919434 815.91027832 870.194580078
a nan nan nan nan
b nan nan nan nan
d nan nan nan nan
g nan nan nan nan
t nan nan nan nan
h 4.0 4.0 4.0 4.0
c 0.0
Aa 0.0 0.0 0.0 0.0
Ab 0.0 0.0 0.0 0.0
Ad 0.0 0.0 0.0 0.0
Ag 0.0 0.0 0.0 0.0
At 0.0 0.0 0.0 0.0
as 0.0 0.0 0.0 0.0
bs 0.0 0.0 0.0 0.0
ds 0.0 0.0 0.0 0.0
gs 0.0 0.0 0.0 0.0
ts 0.0 0.0 0.0 0.0
eeg 817.555236816 789.590576172 815.91027832 922.833984375
eeg 822.49017334 736.951171875 815.91027832 975.473327637
eeg 842.229919434 684.311828613 763.270874023 843.874938965
eeg 822.49017334 789.590576172 868.549621582 843.874938965
eeg 827.425109863 789.590576172 868.549621582 870.194580078
eeg 848.809875488 736.951171875 815.91027832 922.833984375
eeg 852.09979248 736.951171875 763.270874023 949.153686523
eeg 835.650024414 736.951171875 763.270874023 843.874938965
eeg 832.360046387 842.229919434 815.91027832 791.235534668
eeg 848.809875488 894.86932373 868.549621582 843.874938965
eeg 830.715087891 842.229919434 815.91027832 843.874938965
eeg 812.620300293 842.229919434 815.91027832 843.874938965
eeg 834.005004883 842.229919434 815.91027832 896.514282227
eeg 838.940002441 789.590576172 763.270874023 764.91583252
eeg 822.49017334 894.86932373 868.549621582 764.91583252
eeg 810.975280762 914.609069824 842.229919434 870.194580078
eeg 807.68536377 809.330322266 789.590576172 922.833984375
eeg 817.555236816 783.010620117 763.270874023 975.473327637
eeg 796.170471191 769.850830078 736.951171875 922.833984375
eeg 801.105407715 861.969726562 842.229919434 870.194580078
eeg 824.135131836 934.348815918 894.86932373 922.833984375
eeg 814.265258789 835.650024414 842.229919434 922.833984375
a nan nan nan nan
b nan nan nan nan
d nan nan nan nan
g nan nan nan nan
t nan nan nan nan
h 4.0 4.0 4.0 4.0
c 0.0
Aa 0.0 0.0 0.0 0.0
Ab 0.0 0.0 0.0 0.0
Ad 0.0 0.0 0.0 0.0
Ag 0.0 0.0 0.0 0.0
At 0.0 0.0 0.0 0.0
as 0.0 0.0 0.0 0.0
bs 0.0 0.0 0.0 0.0
ds 0.0 0.0 0.0 0.0
gs 0.0 0.0 0.0 0.0
ts 0.0 0.0 0.0 0.0
eeg 802.750427246 809.330322266 815.91027832 922.833984375
eeg 825.780151367 822.49017334 815.91027832 975.473327637
eeg 838.940002441 783.010620117 763.270874023 870.194580078
eeg 812.620300293 875.129516602 868.549621582 870.194580078
eeg 791.235534668 921.188964844 894.86932373 922.833984375
eeg 810.975280762 796.170471191 815.91027832 922.833984375
eeg 832.360046387 783.010620117 789.590576172 922.833984375
eeg 820.845214844 776.430725098 789.590576172 817.555236816
eeg 840.584960938 868.549621582 868.549621582 764.91583252
eeg 868.549621582 947.508666992 934.348815918 817.555236816
eeg 855.389770508 842.229919434 815.91027832 843.874938965
eeg 842.229919434 815.91027832 806.040344238 843.874938965
eeg 850.454833984 815.91027832 819.200195312 896.514282227
eeg 865.259643555 815.91027832 773.14074707 791.235534668
eeg 845.519897461 868.549621582 881.709472656 764.91583252
eeg 827.425109863 921.188964844 917.899047852 843.874938965
eeg 847.164855957 789.590576172 802.750427246 843.874938965
eeg 845.519897461 789.590576172 773.14074707 870.194580078
eeg 827.425109863 789.590576172 773.14074707 791.235534668
eeg 837.29498291 868.549621582 865.259643555 738.596191406
eeg 847.164855957 921.188964844 934.348815918 817.555236816
eeg 838.940002441 815.91027832 819.200195312 843.874938965
a nan nan nan nan
b nan nan nan nan
d nan nan nan nan
g nan nan nan nan
t nan nan nan nan
h 4.0 4.0 4.0 4.0
c 0.0
Aa 0.0 0.0 0.0 0.0
Ab 0.0 0.0 0.0 0.0
Ad 0.0 0.0 0.0 0.0
Ag 0.0 0.0 0.0 0.0
At 0.0 0.0 0.0 0.0
as 0.0 0.0 0.0 0.0
bs 0.0 0.0 0.0 0.0
ds 0.0 0.0 0.0 0.0
gs 0.0 0.0 0.0 0.0
ts 0.0 0.0 0.0 0.0
eeg 812.620300293 789.590576172 792.880554199 843.874938965
eeg 814.265258789 815.91027832 809.330322266 896.514282227
eeg 822.49017334 815.91027832 792.880554199 791.235534668
eeg 810.975280762 894.86932373 845.519897461 758.3359375
eeg 807.68536377 947.508666992 871.839599609 870.194580078
eeg 812.620300293 815.91027832 766.560852051 889.934387207
eeg 825.780151367 815.91027832 766.560852051 903.094238281
eeg 802.750427246 815.91027832 766.560852051 804.395385742
eeg 801.105407715 868.549621582 845.519897461 745.176086426
eeg 834.005004883 921.188964844 898.159240723 843.874938965
eeg 832.360046387 815.91027832 792.880554199 883.354431152
eeg 820.845214844 789.590576172 766.560852051 857.034729004
eeg 829.070068359 815.91027832 792.880554199 889.934387207
eeg 852.09979248 815.91027832 792.880554199 804.395385742
eeg 850.454833984 842.229919434 845.519897461 758.3359375
eeg 845.519897461 921.188964844 898.159240723 876.774536133
eeg 855.389770508 789.590576172 766.560852051 889.934387207
eeg 860.324707031 789.590576172 766.560852051 889.934387207
eeg 829.070068359 815.91027832 792.880554199 804.395385742
eeg 822.49017334 921.188964844 871.839599609 804.395385742
eeg 842.229919434 973.828369141 950.79864502 857.034729004
eeg 827.425109863 921.188964844 845.519897461 857.034729004
a nan nan nan nan
b nan nan nan nan
d nan nan nan nan
g nan nan nan nan
t nan nan nan nan
h 4.0 4.0 4.0 4.0
c 0.0
Aa 0.0 0.0 0.0 0.0
Ab 0.0 0.0 0.0 0.0
Ad 0.0 0.0 0.0 0.0
Ag 0.0 0.0 0.0 0.0
At 0.0 0.0 0.0 0.0
as 0.0 0.0 0.0 0.0
bs 0.0 0.0 0.0 0.0
ds 0.0 0.0 0.0 0.0
gs 0.0 0.0 0.0 0.0
ts 0.0 0.0 0.0 0.0
eeg 804.395385742 868.549621582 819.200195312 857.034729004
eeg 820.845214844 921.188964844 845.519897461 857.034729004
eeg 842.229919434 921.188964844 845.519897461 804.395385742
eeg 807.68536377 921.188964844 871.839599609 751.75604248
eeg 802.750427246 973.828369141 924.478942871 857.034729004
eeg 812.620300293 815.91027832 792.880554199 857.034729004
eeg 814.265258789 815.91027832 792.880554199 857.034729004
eeg 797.815490723 868.549621582 819.200195312 804.395385742
eeg 806.040344238 921.188964844 871.839599609 804.395385742
eeg 842.229919434 921.188964844 924.478942871 857.034729004
eeg 837.29498291 815.91027832 819.200195312 909.674133301
eeg 796.170471191 763.270874023 766.560852051 857.034729004
eeg 817.555236816 815.91027832 819.200195312 857.034729004
eeg 829.070068359 842.229919434 845.519897461 751.75604248
eeg 817.555236816 868.549621582 898.159240723 699.116638184
eeg 810.975280762 947.508666992 977.118347168 804.395385742
eeg 814.265258789 815.91027832 819.200195312 804.395385742
eeg 829.070068359 815.91027832 819.200195312 804.395385742
eeg 810.975280762 868.549621582 871.839599609 751.75604248
eeg 827.425109863 894.86932373 924.478942871 751.75604248
eeg 838.940002441 894.86932373 950.79864502 804.395385742
eeg 824.135131836 789.590576172 845.519897461 857.034729004
a nan nan nan nan
b nan nan nan nan
d nan nan nan nan
g nan nan nan nan
t nan nan nan nan
h 4.0 4.0 4.0 4.0
c 0.0
Aa 0.0 0.0 0.0 0.0
Ab 0.0 0.0 0.0 0.0
Ad 0.0 0.0 0.0 0.0
Ag 0.0 0.0 0.0 0.0
At 0.0 0.0 0.0 0.0
as 0.0 0.0 0.0 0.0
bs 0.0 0.0 0.0 0.0
ds 0.0 0.0 0.0 0.0
gs 0.0 0.0 0.0 0.0
ts 0.0 0.0 0.0 0.0
eeg 812.620300293 736.951171875 792.880554199 804.395385742
eeg 820.845214844 815.91027832 845.519897461 804.395385742
eeg 843.874938965 842.229919434 845.519897461 804.395385742
eeg 814.265258789 842.229919434 845.519897461 751.75604248
eeg 810.975280762 894.86932373 898.159240723 857.034729004
eeg 822.49017334 789.590576172 766.560852051 857.034729004
eeg 825.780151367 763.270874023 766.560852051 857.034729004
eeg 804.395385742 842.229919434 871.839599609 751.75604248
eeg 787.945556641 868.549621582 924.478942871 751.75604248
eeg 804.395385742 868.549621582 977.118347168 804.395385742
eeg 804.395385742 789.590576172 924.478942871 857.034729004
eeg 802.750427246 736.951171875 871.839599609 804.395385742
eeg 829.070068359 815.91027832 924.478942871 804.395385742
eeg 834.005004883 842.229919434 924.478942871 804.395385742
eeg 792.880554199 842.229919434 924.478942871 751.75604248
eeg 794.525512695 868.549621582 977.118347168 857.034729004
eeg 799.460449219 789.590576172 871.839599609 857.034729004
eeg 809.330322266 763.270874023 871.839599609 804.395385742
eeg 792.880554199 868.549621582 924.478942871 804.395385742
eeg 778.075683594 868.549621582 924.478942871 804.395385742
eeg 779.720703125 868.549621582 924.478942871 857.034729004
eeg 787.945556641 789.590576172 819.200195312 909.674133301
a nan nan nan nan
b nan nan nan nan
d nan nan nan nan
g nan nan nan nan
t nan nan nan nan
h 4.0 4.0 4.0 4.0
c 0.0
Aa 0.0 0.0 0.0 0.0
Ab 0.0 0.0 0.0 0.0
Ad 0.0 0.0 0.0 0.0
Ag 0.0 0.0 0.0 0.0
At 0.0 0.0 0.0 0.0
as 0.0 0.0 0.0 0.0
bs 0.0 0.0 0.0 0.0
ds 0.0 0.0 0.0 0.0
gs 0.0 0.0 0.0 0.0
ts 0.0 0.0 0.0 0.0
eeg 759.980895996 736.951171875 766.560852051 857.034729004
eeg 755.045959473 858.679748535 847.164855957 819.200195312
eeg 764.91583252 884.999450684 873.484558105 792.880554199
eeg 783.010620117 858.679748535 873.484558105 740.241149902
eeg 776.430725098 858.679748535 899.804260254 845.519897461
eeg 779.720703125 806.040344238 794.525512695 871.839599609
eeg 792.880554199 753.401000977 768.205810547 792.880554199
eeg 779.720703125 884.999450684 873.484558105 766.560852051
eeg 783.010620117 884.999450684 899.804260254 766.560852051
eeg 834.005004883 884.999450684 899.804260254 845.519897461
eeg 834.005004883 806.040344238 820.845214844 898.159240723
eeg 804.395385742 753.401000977 768.205810547 819.200195312
eeg 820.845214844 858.679748535 873.484558105 819.200195312
eeg 843.874938965 884.999450684 899.804260254 819.200195312
eeg 810.975280762 858.679748535 873.484558105 792.880554199
eeg 799.460449219 858.679748535 873.484558105 871.839599609
eeg 806.040344238 806.040344238 794.525512695 898.159240723
eeg 820.845214844 753.401000977 768.205810547 792.880554199
eeg 814.265258789 858.679748535 873.484558105 845.519897461
eeg 812.620300293 832.360046387 873.484558105 845.519897461
eeg 837.29498291 832.360046387 873.484558105 898.159240723
eeg 848.809875488 779.720703125 820.845214844 950.79864502
a nan nan nan nan
b nan nan nan nan
d nan nan nan nan
g nan nan nan nan
t nan nan nan nan
h 4.0 4.0 4.0 4.0
c 0.0
Aa 0.0 0.0 0.0 0.0
Ab 0.0 0.0 0.0 0.0
Ad 0.0 0.0 0.0 0.0
Ag 0.0 0.0 0.0 0.0
At 0.0 0.0 0.0 0.0
as 0.0 0.0 0.0 0.0
bs 0.0 0.0 0.0 0.0
ds 0.0 0.0 0.0 0.0
gs 0.0 0.0 0.0 0.0
ts 0.0 0.0 0.0 0.0
eeg 834.005004883 727.081298828 768.205810547 845.519897461
eeg 847.164855957 832.360046387 820.845214844 845.519897461
eeg 858.679748535 858.679748535 873.484558105 845.519897461
eeg 845.519897461 832.360046387 873.484558105 845.519897461
eeg 835.650024414 832.360046387 873.484558105 898.159240723
eeg 842.229919434 806.040344238 820.845214844 950.79864502
eeg 861.969726562 727.081298828 768.205810547 845.519897461
eeg 834.005004883 858.679748535 873.484558105 845.519897461
eeg 834.005004883 858.679748535 873.484558105 845.519897461
eeg 860.324707031 832.360046387 873.484558105 898.159240723
eeg 855.389770508 779.720703125 820.845214844 950.79864502
eeg 820.845214844 753.401000977 768.205810547 845.519897461
eeg 824.135131836 806.040344238 847.164855957 819.200195312
eeg 837.29498291 858.679748535 847.164855957 845.519897461
eeg 834.005004883 806.040344238 794.525512695 845.519897461
eeg 812.620300293 806.040344238 794.525512695 898.159240723
eeg 832.360046387 806.040344238 768.205810547 950.79864502
eeg 855.389770508 753.401000977 715.566467285 819.200195312
eeg 825.780151367 858.679748535 847.164855957 819.200195312
eeg 806.040344238 858.679748535 847.164855957 819.200195312
eeg 824.135131836 806.040344238 820.845214844 871.839599609
eeg 827.425109863 753.401000977 768.205810547 924.478942871
a nan nan nan nan
b nan nan nan nan
d nan nan nan nan
g nan nan nan nan
t nan nan nan nan
h 4.0 4.0 4.0 4.0
c 0.0
Aa 0.0 0.0 0.0 0.0
Ab 0.0 0.0 0.0 0.0
Ad 0.0 0.0 0.0 0.0
Ag 0.0 0.0 0.0 0.0
At 0.0 0.0 0.0 0.0
as 0.0 0.0 0.0 0.0
bs 0.0 0.0 0.0 0.0
ds 0.0 0.0 0.0 0.0
gs 0.0 0.0 0.0 0.0
ts 0.0 0.0 0.0 0.0
eeg 804.395385742 753.401000977 741.886108398 819.200195312
eeg 824.135131836 806.040344238 847.164855957 792.880554199
eeg 830.715087891 858.679748535 899.804260254 819.200195312
eeg 827.425109863 806.040344238 847.164855957 819.200195312
eeg 824.135131836 806.040344238 847.164855957 871.839599609
eeg 824.135131836 806.040344238 820.845214844 924.478942871
eeg 829.070068359 700.76159668 715.566467285 792.880554199
eeg 809.330322266 753.401000977 820.845214844 792.880554199
eeg 815.91027832 753.401000977 820.845214844 819.200195312
eeg 829.070068359 700.76159668 768.205810547 871.839599609
eeg 829.070068359 700.76159668 715.566467285 924.478942871
eeg 812.620300293 700.76159668 715.566467285 819.200195312
eeg 810.975280762 806.040344238 768.205810547 792.880554199
eeg 824.135131836 858.679748535 820.845214844 845.519897461
eeg 802.750427246 806.040344238 768.205810547 845.519897461
eeg 784.655639648 806.040344238 768.205810547 871.839599609
eeg 807.68536377 806.040344238 768.205810547 924.478942871
eeg 825.780151367 753.401000977 715.566467285 792.880554199
eeg 812.620300293 858.679748535 820.845214844 792.880554199
eeg 806.040344238 858.679748535 820.845214844 845.519897461
eeg 820.845214844 806.040344238 768.205810547 898.159240723
eeg 820.845214844 806.040344238 768.205810547 924.478942871
a nan nan nan nan
b nan nan nan nan
d nan nan nan nan
g nan nan nan nan
t nan nan nan nan
h 4.0 4.0 4.0 4.0
c 0.0
Aa 0.0 0.0 0.0 0.0
Ab 0.0 0.0 0.0 0.0
Ad 0.0 0.0 0.0 0.0
Ag 0.0 0.0 0.0 0.0
At 0.0 0.0 0.0 0.0
as 0.0 0.0 0.0 0.0
bs 0.0 0.0 0.0 0.0
ds 0.0 0.0 0.0 0.0
gs 0.0 0.0 0.0 0.0
ts 0.0 0.0 0.0 0.0
eeg 810.975280762 779.720703125 715.566467285 871.839599609
eeg 820.845214844 858.679748535 768.205810547 871.839599609
eeg 847.164855957 911.319091797 820.845214844 977.118347168
eeg 835.650024414 832.360046387 768.205810547 977.118347168
eeg 814.265258789 806.040344238 768.205810547 977.118347168
eeg 832.360046387 806.040344238 768.205810547 1029.75769043
eeg 837.29498291 779.720703125 715.566467285 924.478942871
eeg 825.780151367 858.679748535 820.845214844 924.478942871
eeg 832.360046387 884.999450684 820.845214844 977.118347168
eeg 827.425109863 779.720703125 768.205810547 977.118347168
eeg 834.005004883 779.720703125 768.205810547 977.118347168
eeg 812.620300293 779.720703125 768.205810547 871.839599609
eeg 825.780151367 858.679748535 820.845214844 819.200195312
eeg 848.809875488 911.319091797 873.484558105 871.839599609
eeg 838.940002441 806.040344238 820.845214844 871.839599609
eeg 822.49017334 779.720703125 820.845214844 871.839599609
eeg 829.070068359 779.720703125 847.164855957 977.118347168
eeg 852.09979248 779.720703125 847.164855957 871.839599609
eeg 819.200195312 832.360046387 952.443603516 871.839599609
eeg 815.91027832 884.999450684 978.763305664 924.478942871
eeg 829.070068359 779.720703125 873.484558105 924.478942871
eeg 825.780151367 779.720703125 847.164855957 924.478942871
a nan nan nan nan
b nan nan nan nan
d nan nan nan nan
g nan nan nan nan
t nan nan nan nan
h 4.0 4.0 4.0 4.0
c 0.0
Aa 0.0 0.0 0.0 0.0
Ab 0.0 0.0 0.0 0.0
Ad 0.0 0.0 0.0 0.0
Ag 0.0 0.0 0.0 0.0
At 0.0 0.0 0.0 0.0
as 0.0 0.0 0.0 0.0
bs 0.0 0.0 0.0 0.0
ds 0.0 0.0 0.0 0.0
gs 0.0 0.0 0.0 0.0
ts 0.0 0.0 0.0 0.0
eeg 801.105407715 779.720703125 847.164855957 819.200195312
eeg 797.815490723 832.360046387 926.123962402 766.560852051
eeg 820.845214844 884.999450684 978.763305664 819.200195312
eeg 801.105407715 779.720703125 873.484558105 819.200195312
eeg 791.235534668 779.720703125 847.164855957 819.200195312
eeg 791.235534668 779.720703125 847.164855957 871.839599609
eeg 802.750427246 779.720703125 820.845214844 766.560852051
eeg 794.525512695 832.360046387 873.484558105 766.560852051
eeg 797.815490723 884.999450684 926.123962402 871.839599609
eeg 820.845214844 779.720703125 794.525512695 871.839599609
eeg 825.780151367 806.040344238 820.845214844 898.159240723
eeg 819.200195312 832.360046387 820.845214844 819.200195312
eeg 820.845214844 937.638793945 899.804260254 792.880554199
eeg 838.940002441 990.278137207 952.443603516 871.839599609
eeg 824.135131836 884.999450684 847.164855957 898.159240723
eeg 799.460449219 858.679748535 820.845214844 898.159240723
eeg 810.975280762 884.999450684 847.164855957 924.478942871
eeg 825.780151367 884.999450684 847.164855957 845.519897461
eeg 810.975280762 911.319091797 899.804260254 819.200195312
eeg 789.590576172 963.958496094 952.443603516 924.478942871
eeg 814.265258789 832.360046387 820.845214844 924.478942871
eeg 812.620300293 832.360046387 820.845214844 924.478942871
a nan nan nan nan
b nan nan nan nan
d nan nan nan nan
g nan nan nan nan
t nan nan nan nan
h 4.0 4.0 4.0 4.0
c 0.0
Aa 0.0 0.0 0.0 0.0
Ab 0.0 0.0 0.0 0.0
Ad 0.0 0.0 0.0 0.0
Ag 0.0 0.0 0.0 0.0
At 0.0 0.0 0.0 0.0
as 0.0 0.0 0.0 0.0
bs 0.0 0.0 0.0 0.0
ds 0.0 0.0 0.0 0.0
gs 0.0 0.0 0.0 0.0
ts 0.0 0.0 0.0 0.0
eeg 778.075683594 858.679748535 820.845214844 845.519897461
eeg 787.945556641 911.319091797 873.484558105 792.880554199
eeg 809.330322266 937.638793945 926.123962402 871.839599609
eeg 809.330322266 832.360046387 820.845214844 898.159240723
eeg 797.815490723 832.360046387 820.845214844 871.839599609
eeg 824.135131836 937.638793945 873.484558105 898.159240723
eeg 832.360046387 937.638793945 899.804260254 819.200195312
eeg 812.620300293 937.638793945 978.763305664 766.560852051
eeg 802.750427246 990.278137207 1031.40270996 871.839599609
eeg 810.975280762 884.999450684 899.804260254 871.839599609
eeg 806.040344238 884.999450684 899.804260254 871.839599609
eeg 797.815490723 937.638793945 926.123962402 792.880554199
eeg 804.395385742 990.278137207 978.763305664 740.241149902
eeg 825.780151367 990.278137207 1005.08300781 819.200195312
eeg 825.780151367 884.999450684 899.804260254 871.839599609
eeg 804.395385742 832.360046387 847.164855957 845.519897461
eeg 812.620300293 884.999450684 873.484558105 845.519897461
eeg 817.555236816 884.999450684 873.484558105 792.880554199
eeg 799.460449219 884.999450684 873.484558105 740.241149902
eeg 804.395385742 937.638793945 952.443603516 871.839599609
eeg 824.135131836 801.105407715 789.590576172 896.514282227
