eeg 880.064453125 896.514282227 878.419494629 768.205810547
eeg 827.425109863 922.833984375 904.739196777 873.484558105
eeg 827.425109863 817.555236816 825.780151367 899.804260254
eeg 801.105407715 791.235534668 799.460449219 794.525512695
eeg 774.785766602 791.235534668 799.460449219 794.525512695
eeg 827.425109863 870.194580078 878.419494629 794.525512695
eeg 853.744812012 922.833984375 931.058898926 873.484558105
eeg 801.105407715 817.555236816 825.780151367 926.123962402
eeg 801.105407715 791.235534668 825.780151367 820.845214844
eeg 801.105407715 817.555236816 825.780151367 794.525512695
eeg 853.744812012 791.235534668 773.14074707 794.525512695
eeg 906.384155273 870.194580078 878.419494629 768.205810547
eeg 827.425109863 922.833984375 904.739196777 847.164855957
eeg 827.425109863 791.235534668 799.460449219 899.804260254
eeg 827.425109863 791.235534668 773.14074707 794.525512695
a nan nan nan nan
b nan nan nan nan
d nan nan nan nan
g nan nan nan nan
t nan nan nan nan
h 4.0 4.0 4.0 4.0
c 0.0
Aa 0.0 0.0 0.0 0.0
Ab 0.0 0.0 0.0 0.0
Ad 0.0 0.0 0.0 0.0
Ag 0.0 0.0 0.0 0.0
At 0.0 0.0 0.0 0.0
as 0.0 0.0 0.0 0.0
bs 0.0 0.0 0.0 0.0
ds 0.0 0.0 0.0 0.0
gs 0.0 0.0 0.0 0.0
ts 0.0 0.0 0.0 0.0
eeg 774.785766602 791.235534668 773.14074707 794.525512695
eeg 834.005004883 896.514282227 878.419494629 794.525512695
eeg 866.904663086 949.153686523 931.058898926 847.164855957
eeg 801.105407715 843.874938965 825.780151367 899.804260254
eeg 792.880554199 817.555236816 825.780151367 794.525512695
eeg 796.170471191 843.874938965 825.780151367 794.525512695
eeg 842.229919434 843.874938965 825.780151367 794.525512695
eeg 908.029174805 896.514282227 878.419494629 794.525512695
eeg 796.170471191 949.153686523 931.058898926 847.164855957
eeg 820.845214844 817.555236816 825.780151367 899.804260254
eeg 830.715087891 791.235534668 825.780151367 794.525512695
eeg 768.205810547 791.235534668 825.780151367 794.525512695
eeg 830.715087891 843.874938965 878.419494629 794.525512695
eeg 863.614685059 896.514282227 931.058898926 847.164855957
eeg 799.460449219 791.235534668 825.780151367 899.804260254
eeg 787.945556641 764.91583252 825.780151367 794.525512695
eeg 807.68536377 817.555236816 825.780151367 794.525512695
eeg 860.324707031 843.874938965 825.780151367 847.164855957
eeg 912.964111328 870.194580078 904.739196777 873.484558105
eeg 807.68536377 922.833984375 983.698242188 899.804260254
eeg 807.68536377 791.235534668 852.09979248 952.443603516
eeg 834.005004883 791.235534668 852.09979248 820.845214844
a nan nan nan nan
b nan nan nan nan
d nan nan nan nan
g nan nan nan nan
t nan nan nan nan
h 4.0 4.0 4.0 4.0
c 0.0
Aa 0.0 0.0 0.0 0.0
Ab 0.0 0.0 0.0 0.0
Ad 0.0 0.0 0.0 0.0
Ag 0.0 0.0 0.0 0.0
At 0.0 0.0 0.0 0.0
as 0.0 0.0 0.0 0.0
bs 0.0 0.0 0.0 0.0
ds 0.0 0.0 0.0 0.0
gs 0.0 0.0 0.0 0.0
ts 0.0 0.0 0.0 0.0
eeg 781.365661621 817.555236816 852.09979248 820.845214844
eeg 807.68536377 870.194580078 904.739196777 847.164855957
eeg 834.005004883 896.514282227 957.378540039 899.804260254
eeg 781.365661621 817.555236816 852.09979248 952.443603516
eeg 781.365661621 764.91583252 799.460449219 847.164855957
eeg 807.68536377 817.555236816 825.780151367 794.525512695
eeg 834.005004883 817.555236816 825.780151367 847.164855957
eeg 886.64440918 843.874938965 852.09979248 847.164855957
eeg 807.68536377 922.833984375 931.058898926 873.484558105
eeg 807.68536377 791.235534668 799.460449219 926.123962402
eeg 834.005004883 791.235534668 799.460449219 794.525512695
eeg 802.750427246 791.235534668 852.09979248 820.845214844
eeg 830.715087891 843.874938965 957.378540039 873.484558105
eeg 883.354431152 843.874938965 957.378540039 952.443603516
eeg 814.265258789 791.235534668 904.739196777 1005.08300781
eeg 791.235534668 738.596191406 852.09979248 899.804260254
eeg 837.29498291 791.235534668 904.739196777 847.164855957
eeg 857.034729004 791.235534668 904.739196777 899.804260254
eeg 906.384155273 791.235534668 904.739196777 899.804260254
eeg 801.105407715 843.874938965 957.378540039 899.804260254
eeg 794.525512695 738.596191406 852.09979248 952.443603516
eeg 827.425109863 738.596191406 852.09979248 820.845214844
a nan nan nan nan
b nan nan nan nan
d nan nan nan nan
g nan nan nan nan
t nan nan nan nan
h 4.0 4.0 4.0 4.0
c 0.0
Aa 0.0 0.0 0.0 0.0
Ab 0.0 0.0 0.0 0.0
Ad 0.0 0.0 0.0 0.0
Ag 0.0 0.0 0.0 0.0
At 0.0 0.0 0.0 0.0
as 0.0 0.0 0.0 0.0
bs 0.0 0.0 0.0 0.0
ds 0.0 0.0 0.0 0.0
gs 0.0 0.0 0.0 0.0
ts 0.0 0.0 0.0 0.0
eeg 814.265258789 791.235534668 852.09979248 820.845214844
eeg 829.070068359 843.874938965 904.739196777 873.484558105
eeg 878.419494629 843.874938965 904.739196777 899.804260254
eeg 806.040344238 791.235534668 799.460449219 926.123962402
eeg 783.010620117 738.596191406 746.821105957 820.845214844
eeg 832.360046387 843.874938965 852.09979248 820.845214844
eeg 861.969726562 870.194580078 904.739196777 926.123962402
eeg 898.159240723 870.194580078 904.739196777 926.123962402
eeg 815.91027832 922.833984375 957.378540039 926.123962402
eeg 786.300598145 817.555236816 852.09979248 978.763305664
eeg 829.070068359 791.235534668 852.09979248 873.484558105
eeg 822.49017334 870.194580078 904.739196777 873.484558105
eeg 815.91027832 896.514282227 904.739196777 926.123962402
eeg 884.999450684 896.514282227 904.739196777 926.123962402
eeg 809.330322266 817.555236816 852.09979248 926.123962402
eeg 783.010620117 764.91583252 799.460449219 873.484558105
eeg 832.360046387 870.194580078 852.09979248 820.845214844
eeg 852.09979248 870.194580078 852.09979248 873.484558105
eeg 888.289367676 870.194580078 852.09979248 873.484558105
eeg 786.300598145 896.514282227 904.739196777 873.484558105
eeg 786.300598145 817.555236816 799.460449219 926.123962402
eeg 840.584960938 764.91583252 799.460449219 847.164855957
a nan nan nan nan
b nan nan nan nan
d nan nan nan nan
g nan nan nan nan
t nan nan nan nan
h 4.0 4.0 4.0 4.0
c 0.0
Aa 0.0 0.0 0.0 0.0
Ab 0.0 0.0 0.0 0.0
Ad 0.0 0.0 0.0 0.0
Ag 0.0 0.0 0.0 0.0
At 0.0 0.0 0.0 0.0
as 0.0 0.0 0.0 0.0
bs 0.0 0.0 0.0 0.0
ds 0.0 0.0 0.0 0.0
gs 0.0 0.0 0.0 0.0
ts 0.0 0.0 0.0 0.0
eeg 837.29498291 843.874938965 904.739196777 820.845214844
eeg 824.135131836 817.555236816 931.058898926 926.123962402
eeg 886.64440918 817.555236816 931.058898926 926.123962402
eeg 809.330322266 738.596191406 852.09979248 926.123962402
eeg 781.365661621 685.956787109 799.460449219 847.164855957
eeg 837.29498291 791.235534668 878.419494629 794.525512695
eeg 868.549621582 817.555236816 878.419494629 873.484558105
eeg 881.709472656 817.555236816 878.419494629 899.804260254
eeg 799.460449219 817.555236816 904.739196777 873.484558105
eeg 783.010620117 764.91583252 825.780151367 899.804260254
eeg 852.09979248 712.276489258 773.14074707 820.845214844
eeg 850.454833984 843.874938965 878.419494629 794.525512695
eeg 819.200195312 870.194580078 904.739196777 899.804260254
eeg 889.934387207 870.194580078 904.739196777 899.804260254
eeg 817.555236816 791.235534668 799.460449219 899.804260254
eeg 781.365661621 745.176086426 746.821105957 802.750427246
eeg 860.324707031 824.135131836 852.09979248 776.430725098
eeg 860.324707031 850.454833984 878.419494629 881.709472656
eeg 860.324707031 824.135131836 878.419494629 934.348815918
eeg 807.68536377 824.135131836 878.419494629 908.029174805
eeg 807.68536377 797.815490723 825.780151367 934.348815918
eeg 860.324707031 718.856384277 746.821105957 881.709472656
a nan nan nan nan
b nan nan nan nan
d nan nan nan nan
g nan nan nan nan
t nan nan nan nan
h 4.0 4.0 4.0 4.0
c 0.0
Aa 0.0 0.0 0.0 0.0
Ab 0.0 0.0 0.0 0.0
Ad 0.0 0.0 0.0 0.0
Ag 0.0 0.0 0.0 0.0
At 0.0 0.0 0.0 0.0
as 0.0 0.0 0.0 0.0
bs 0.0 0.0 0.0 0.0
ds 0.0 0.0 0.0 0.0
gs 0.0 0.0 0.0 0.0
ts 0.0 0.0 0.0 0.0
eeg 860.324707031 850.454833984 878.419494629 829.070068359
eeg 834.005004883 876.774536133 904.739196777 934.348815918
eeg 886.64440918 850.454833984 878.419494629 934.348815918
eeg 834.005004883 797.815490723 799.460449219 934.348815918
eeg 781.365661621 771.495788574 746.821105957 855.389770508
eeg 807.68536377 876.774536133 852.09979248 802.750427246
eeg 834.005004883 903.094238281 878.419494629 881.709472656
eeg 834.005004883 850.454833984 852.09979248 908.029174805
eeg 781.365661621 850.454833984 852.09979248 855.389770508
eeg 781.365661621 824.135131836 799.460449219 855.389770508
eeg 834.005004883 718.856384277 720.501403809 802.750427246
eeg 886.64440918 771.495788574 825.780151367 750.111022949
eeg 834.005004883 771.495788574 825.780151367 855.389770508
eeg 886.64440918 771.495788574 799.460449219 855.389770508
eeg 834.005004883 718.856384277 746.821105957 855.389770508
eeg 781.365661621 718.856384277 694.18170166 802.750427246
eeg 807.68536377 771.495788574 799.460449219 802.750427246
eeg 834.005004883 824.135131836 852.09979248 855.389770508
eeg 807.68536377 771.495788574 825.780151367 908.029174805
eeg 781.365661621 771.495788574 825.780151367 855.389770508
eeg 781.365661621 771.495788574 799.460449219 855.389770508
eeg 807.68536377 718.856384277 746.821105957 802.750427246
a nan nan nan nan
b nan nan nan nan
d nan nan nan nan
g nan nan nan nan
t nan nan nan nan
h 4.0 4.0 4.0 4.0
c 0.0
Aa 0.0 0.0 0.0 0.0
Ab 0.0 0.0 0.0 0.0
Ad 0.0 0.0 0.0 0.0
Ag 0.0 0.0 0.0 0.0
At 0.0 0.0 0.0 0.0
as 0.0 0.0 0.0 0.0
bs 0.0 0.0 0.0 0.0
ds 0.0 0.0 0.0 0.0
gs 0.0 0.0 0.0 0.0
ts 0.0 0.0 0.0 0.0
eeg 860.324707031 876.774536133 878.419494629 750.111022949
eeg 807.68536377 876.774536133 878.419494629 855.389770508
eeg 860.324707031 824.135131836 852.09979248 855.389770508
eeg 807.68536377 771.495788574 799.460449219 855.389770508
eeg 776.430725098 718.856384277 746.821105957 750.111022949
eeg 835.650024414 771.495788574 799.460449219 697.471679688
eeg 852.09979248 824.135131836 852.09979248 802.750427246
eeg 822.49017334 771.495788574 799.460449219 855.389770508
eeg 797.815490723 771.495788574 799.460449219 802.750427246
eeg 783.010620117 771.495788574 799.460449219 802.750427246
eeg 845.519897461 718.856384277 746.821105957 802.750427246
eeg 889.934387207 824.135131836 852.09979248 750.111022949
eeg 824.135131836 824.135131836 852.09979248 855.389770508
eeg 861.969726562 771.495788574 799.460449219 855.389770508
eeg 827.425109863 771.495788574 746.821105957 802.750427246
eeg 781.365661621 771.495788574 746.821105957 802.750427246
eeg 834.005004883 824.135131836 852.09979248 802.750427246
eeg 860.324707031 876.774536133 904.739196777 855.389770508
eeg 814.265258789 824.135131836 852.09979248 908.029174805
eeg 797.815490723 824.135131836 852.09979248 855.389770508
eeg 824.135131836 850.454833984 799.460449219 838.940002441
eeg 850.454833984 797.815490723 694.18170166 819.200195312
a nan nan nan nan
b nan nan nan nan
d nan nan nan nan
g nan nan nan nan
t nan nan nan nan
h 4.0 4.0 4.0 4.0
c 0.0
Aa 0.0 0.0 0.0 0.0
Ab 0.0 0.0 0.0 0.0
Ad 0.0 0.0 0.0 0.0
Ag 0.0 0.0 0.0 0.0
At 0.0 0.0 0.0 0.0
as 0.0 0.0 0.0 0.0
bs 0.0 0.0 0.0 0.0
ds 0.0 0.0 0.0 0.0
gs 0.0 0.0 0.0 0.0
ts 0.0 0.0 0.0 0.0
eeg 903.094238281 903.094238281 799.460449219 750.111022949
eeg 824.135131836 929.413879395 799.460449219 871.839599609
eeg 850.454833984 824.135131836 746.821105957 908.029174805
eeg 850.454833984 797.815490723 746.821105957 825.780151367
eeg 797.815490723 797.815490723 746.821105957 789.590576172
eeg 850.454833984 876.774536133 799.460449219 763.270874023
eeg 876.774536133 929.413879395 852.09979248 858.679748535
eeg 824.135131836 850.454833984 799.460449219 927.768920898
eeg 824.135131836 824.135131836 799.460449219 835.650024414
eeg 824.135131836 824.135131836 799.460449219 815.91027832
eeg 876.774536133 797.815490723 746.821105957 815.91027832
eeg 903.094238281 876.774536133 852.09979248 766.560852051
eeg 824.135131836 903.094238281 852.09979248 875.129516602
eeg 824.135131836 797.815490723 799.460449219 911.319091797
eeg 850.454833984 850.454833984 773.14074707 806.040344238
eeg 824.135131836 850.454833984 773.14074707 806.040344238
eeg 903.094238281 903.094238281 852.09979248 806.040344238
eeg 929.413879395 955.733581543 904.739196777 884.999450684
eeg 876.774536133 850.454833984 825.780151367 937.638793945
eeg 850.454833984 850.454833984 799.460449219 858.679748535
eeg 850.454833984 850.454833984 799.460449219 832.360046387
eeg 876.774536133 850.454833984 773.14074707 832.360046387
a nan nan nan nan
b nan nan nan nan
d nan nan nan nan
g nan nan nan nan
t nan nan nan nan
h 4.0 4.0 4.0 4.0
c 0.0
Aa 0.0 0.0 0.0 0.0
Ab 0.0 0.0 0.0 0.0
Ad 0.0 0.0 0.0 0.0
Ag 0.0 0.0 0.0 0.0
At 0.0 0.0 0.0 0.0
as 0.0 0.0 0.0 0.0
bs 0.0 0.0 0.0 0.0
ds 0.0 0.0 0.0 0.0
gs 0.0 0.0 0.0 0.0
ts 0.0 0.0 0.0 0.0
eeg 903.094238281 903.094238281 852.09979248 806.040344238
eeg 824.135131836 955.733581543 904.739196777 884.999450684
eeg 824.135131836 850.454833984 799.460449219 911.319091797
eeg 824.135131836 850.454833984 799.460449219 806.040344238
eeg 771.495788574 850.454833984 799.460449219 806.040344238
eeg 824.135131836 903.094238281 878.419494629 806.040344238
eeg 850.454833984 955.733581543 931.058898926 884.999450684
eeg 797.815490723 850.454833984 825.780151367 937.638793945
eeg 791.235534668 850.454833984 825.780151367 832.360046387
eeg 810.975280762 903.094238281 878.419494629 799.460449219
eeg 850.454833984 903.094238281 852.09979248 825.780151367
eeg 903.094238281 955.733581543 904.739196777 806.040344238
eeg 817.555236816 1008.3729248 957.378540039 871.839599609
eeg 817.555236816 876.774536133 825.780151367 931.058898926
eeg 830.715087891 850.454833984 799.460449219 806.040344238
eeg 784.655639648 876.774536133 799.460449219 786.300598145
eeg 837.29498291 955.733581543 878.419494629 799.460449219
eeg 876.774536133 982.053283691 931.058898926 878.419494629
eeg 824.135131836 876.774536133 825.780151367 937.638793945
eeg 810.975280762 850.454833984 799.460449219 832.360046387
eeg 830.715087891 876.774536133 825.780151367 792.880554199
eeg 857.034729004 876.774536133 825.780151367 832.360046387
a nan nan nan nan
b nan nan nan nan
d nan nan nan nan
g nan nan nan nan
t nan nan nan nan
h 4.0 4.0 4.0 4.0
c 0.0
Aa 0.0 0.0 0.0 0.0
Ab 0.0 0.0 0.0 0.0
Ad 0.0 0.0 0.0 0.0
Ag 0.0 0.0 0.0 0.0
At 0.0 0.0 0.0 0.0
as 0.0 0.0 0.0 0.0
bs 0.0 0.0 0.0 0.0
ds 0.0 0.0 0.0 0.0
gs 0.0 0.0 0.0 0.0
ts 0.0 0.0 0.0 0.0
eeg 903.094238281 903.094238281 878.419494629 819.200195312
eeg 804.395385742 955.733581543 931.058898926 871.839599609
eeg 807.68536377 824.135131836 825.780151367 950.79864502
eeg 830.715087891 824.135131836 852.09979248 819.200195312
eeg 794.525512695 850.454833984 878.419494629 819.200195312
eeg 827.425109863 903.094238281 957.378540039 845.519897461
eeg 866.904663086 929.413879395 983.698242188 898.159240723
eeg 810.975280762 850.454833984 878.419494629 950.79864502
eeg 791.235534668 797.815490723 852.09979248 845.519897461
eeg 834.005004883 850.454833984 878.419494629 819.200195312
eeg 850.454833984 850.454833984 878.419494629 845.519897461
eeg 899.804260254 876.774536133 904.739196777 845.519897461
eeg 804.395385742 955.733581543 957.378540039 871.839599609
eeg 797.815490723 824.135131836 825.780151367 924.478942871
eeg 840.584960938 824.135131836 825.780151367 792.880554199
eeg 804.395385742 876.774536133 852.09979248 792.880554199
eeg 820.845214844 903.094238281 904.739196777 819.200195312
eeg 876.774536133 929.413879395 931.058898926 871.839599609
eeg 814.265258789 876.774536133 878.419494629 924.478942871
eeg 796.170471191 824.135131836 825.780151367 845.519897461
eeg 848.809875488 876.774536133 878.419494629 819.200195312
eeg 868.549621582 876.774536133 878.419494629 898.159240723
a nan nan nan nan
b nan nan nan nan
d nan nan nan nan
g nan nan nan nan
t nan nan nan nan
h 4.0 4.0 4.0 4.0
c 0.0
Aa 0.0 0.0 0.0 0.0
Ab 0.0 0.0 0.0 0.0
Ad 0.0 0.0 0.0 0.0
Ag 0.0 0.0 0.0 0.0
At 0.0 0.0 0.0 0.0
as 0.0 0.0 0.0 0.0
bs 0.0 0.0 0.0 0.0
ds 0.0 0.0 0.0 0.0
gs 0.0 0.0 0.0 0.0
ts 0.0 0.0 0.0 0.0
eeg 899.804260254 876.774536133 878.419494629 898.159240723
eeg 812.620300293 929.413879395 931.058898926 898.159240723
eeg 792.880554199 824.135131836 825.780151367 950.79864502
eeg 842.229919434 824.135131836 825.780151367 819.200195312
eeg 820.845214844 876.774536133 878.419494629 819.200195312
eeg 822.49017334 929.413879395 931.058898926 871.839599609
eeg 883.354431152 929.413879395 931.058898926 924.478942871
eeg 814.265258789 876.774536133 878.419494629 950.79864502
eeg 787.945556641 824.135131836 825.780151367 845.519897461
eeg 832.360046387 876.774536133 878.419494629 792.880554199
eeg 863.614685059 876.774536133 878.419494629 845.519897461
eeg 889.934387207 876.774536133 878.419494629 845.519897461
eeg 799.460449219 919.544006348 940.928771973 863.614685059
eeg 792.880554199 804.395385742 835.650024414 968.893432617
eeg 838.940002441 771.495788574 809.330322266 916.25402832
eeg 838.940002441 873.484558105 861.969726562 968.893432617
eeg 838.940002441 903.094238281 888.289367676 1021.53277588
eeg 875.129516602 916.25402832 914.609069824 1021.53277588
eeg 809.330322266 824.135131836 835.650024414 1021.53277588
eeg 786.300598145 751.75604248 783.010620117 916.25402832
eeg 829.070068359 863.614685059 861.969726562 863.614685059
eeg 878.419494629 883.354431152 861.969726562 916.25402832
a nan nan nan nan
b nan nan nan nan
d nan nan nan nan
g nan nan nan nan
t nan nan nan nan
h 4.0 4.0 4.0 4.0
c 0.0
Aa 0.0 0.0 0.0 0.0
Ab 0.0 0.0 0.0 0.0
Ad 0.0 0.0 0.0 0.0
Ag 0.0 0.0 0.0 0.0
At 0.0 0.0 0.0 0.0
as 0.0 0.0 0.0 0.0
bs 0.0 0.0 0.0 0.0
ds 0.0 0.0 0.0 0.0
gs 0.0 0.0 0.0 0.0
ts 0.0 0.0 0.0 0.0
eeg 881.709472656 866.904663086 861.969726562 916.25402832
eeg 799.460449219 903.094238281 914.609069824 916.25402832
eeg 786.300598145 817.555236816 809.330322266 968.893432617
eeg 861.969726562 755.045959473 783.010620117 863.614685059
eeg 845.519897461 883.354431152 888.289367676 863.614685059
eeg 809.330322266 912.964111328 914.609069824 916.25402832
eeg 888.289367676 906.384155273 914.609069824 916.25402832
eeg 835.650024414 801.105407715 809.330322266 942.573730469
eeg 809.330322266 748.466064453 704.051574707 863.614685059
eeg 835.650024414 853.744812012 809.330322266 810.975280762
eeg 861.969726562 853.744812012 809.330322266 889.934387207
eeg 861.969726562 853.744812012 809.330322266 916.25402832
eeg 809.330322266 853.744812012 861.969726562 889.934387207
eeg 809.330322266 801.105407715 809.330322266 942.573730469
eeg 861.969726562 748.466064453 756.690979004 837.29498291
eeg 861.969726562 853.744812012 861.969726562 810.975280762
eeg 835.650024414 853.744812012 861.969726562 916.25402832
eeg 888.289367676 853.744812012 861.969726562 916.25402832
eeg 835.650024414 801.105407715 809.330322266 916.25402832
eeg 809.330322266 748.466064453 756.690979004 837.29498291
eeg 835.650024414 853.744812012 861.969726562 784.655639648
eeg 861.969726562 853.744812012 861.969726562 863.614685059
a nan nan nan nan
b nan nan nan nan
d nan nan nan nan
g nan nan nan nan
t nan nan nan nan
h 4.0 4.0 4.0 4.0
c 0.0
Aa 0.0 0.0 0.0 0.0
Ab 0.0 0.0 0.0 0.0
Ad 0.0 0.0 0.0 0.0
Ag 0.0 0.0 0.0 0.0
At 0.0 0.0 0.0 0.0
as 0.0 0.0 0.0 0.0
bs 0.0 0.0 0.0 0.0
ds 0.0 0.0 0.0 0.0
gs 0.0 0.0 0.0 0.0
ts 0.0 0.0 0.0 0.0
eeg 861.969726562 853.744812012 861.969726562 889.934387207
eeg 814.265258789 853.744812012 835.650024414 889.934387207
eeg 797.815490723 801.105407715 756.690979004 916.25402832
eeg 855.389770508 748.466064453 704.051574707 837.29498291
eeg 876.774536133 880.064453125 835.650024414 810.975280762
eeg 837.29498291 880.064453125 835.650024414 916.25402832
eeg 881.709472656 853.744812012 835.650024414 916.25402832
eeg 832.360046387 801.105407715 783.010620117 916.25402832
eeg 801.105407715 748.466064453 730.371276855 837.29498291
eeg 843.874938965 853.744812012 835.650024414 784.655639648
eeg 866.904663086 880.064453125 861.969726562 863.614685059
eeg 837.29498291 853.744812012 835.650024414 889.934387207
eeg 809.330322266 853.744812012 835.650024414 863.614685059
eeg 787.945556641 827.425109863 783.010620117 863.614685059
eeg 847.164855957 774.785766602 756.690979004 810.975280762
eeg 876.774536133 906.384155273 888.289367676 758.3359375
eeg 825.780151367 906.384155273 888.289367676 889.934387207
eeg 904.739196777 853.744812012 861.969726562 889.934387207
eeg 878.419494629 748.466064453 783.010620117 889.934387207
eeg 878.419494629 695.826660156 730.371276855 837.29498291
eeg 904.739196777 695.826660156 835.650024414 784.655639648
eeg 904.739196777 748.466064453 861.969726562 837.29498291
a nan nan nan nan
b nan nan nan nan
d nan nan nan nan
g nan nan nan nan
t nan nan nan nan
h 4.0 4.0 4.0 4.0
c 0.0
Aa 0.0 0.0 0.0 0.0
Ab 0.0 0.0 0.0 0.0
Ad 0.0 0.0 0.0 0.0
Ag 0.0 0.0 0.0 0.0
At 0.0 0.0 0.0 0.0
as 0.0 0.0 0.0 0.0
bs 0.0 0.0 0.0 0.0
ds 0.0 0.0 0.0 0.0
gs 0.0 0.0 0.0 0.0
ts 0.0 0.0 0.0 0.0
eeg 878.419494629 695.826660156 835.650024414 889.934387207
eeg 878.419494629 695.826660156 835.650024414 837.29498291
eeg 878.419494629 695.826660156 809.330322266 837.29498291
eeg 904.739196777 643.187316895 756.690979004 784.655639648
eeg 931.058898926 801.105407715 888.289367676 732.016235352
eeg 878.419494629 801.105407715 888.289367676 837.29498291
eeg 904.739196777 748.466064453 861.969726562 837.29498291
eeg 852.09979248 748.466064453 809.330322266 837.29498291
eeg 825.780151367 748.466064453 783.010620117 784.655639648
eeg 852.09979248 853.744812012 861.969726562 784.655639648
eeg 852.09979248 906.384155273 914.609069824 837.29498291
eeg 819.200195312 801.105407715 809.330322266 837.29498291
eeg 806.040344238 748.466064453 756.690979004 732.016235352
eeg 786.300598145 748.466064453 704.051574707 732.016235352
eeg 838.940002441 695.826660156 651.412231445 732.016235352
eeg 884.999450684 801.105407715 809.330322266 679.37689209
eeg 812.620300293 801.105407715 809.330322266 784.655639648
eeg 858.679748535 748.466064453 809.330322266 784.655639648
eeg 812.620300293 748.466064453 756.690979004 784.655639648
eeg 779.720703125 748.466064453 756.690979004 732.016235352
eeg 819.200195312 853.744812012 861.969726562 732.016235352
eeg 852.09979248 906.384155273 914.609069824 784.655639648
a nan nan nan nan
b nan nan nan nan
d nan nan nan nan
g nan nan nan nan
t nan nan nan nan
h 4.0 4.0 4.0 4.0
c 0.0
Aa 0.0 0.0 0.0 0.0
Ab 0.0 0.0 0.0 0.0
Ad 0.0 0.0 0.0 0.0
Ag 0.0 0.0 0.0 0.0
At 0.0 0.0 0.0 0.0
as 0.0 0.0 0.0 0.0
bs 0.0 0.0 0.0 0.0
ds 0.0 0.0 0.0 0.0
gs 0.0 0.0 0.0 0.0
ts 0.0 0.0 0.0 0.0
eeg 812.620300293 853.744812012 861.969726562 837.29498291
eeg 799.460449219 853.744812012 861.969726562 784.655639648
eeg 799.460449219 853.744812012 861.969726562 784.655639648
eeg 858.679748535 801.105407715 809.330322266 784.655639648
eeg 898.159240723 906.384155273 914.609069824 732.016235352
eeg 792.880554199 932.703857422 888.289367676 857.034729004
eeg 845.519897461 825.780151367 809.330322266 876.774536133
eeg 819.200195312 796.170471191 783.010620117 810.975280762
eeg 792.880554199 778.075683594 756.690979004 771.495788574
eeg 819.200195312 875.129516602 861.969726562 745.176086426
eeg 845.519897461 942.573730469 914.609069824 843.874938965
eeg 819.200195312 842.229919434 861.969726562 909.674133301
eeg 819.200195312 806.040344238 835.650024414 824.135131836
eeg 819.200195312 822.49017334 835.650024414 804.395385742
eeg 845.519897461 781.365661621 783.010620117 797.815490723
eeg 898.159240723 889.934387207 888.289367676 751.75604248
eeg 819.200195312 924.478942871 888.289367676 870.194580078
eeg 819.200195312 809.330322266 809.330322266 903.094238281
eeg 819.200195312 784.655639648 783.010620117 810.975280762
eeg 792.880554199 774.785766602 783.010620117 784.655639648
eeg 845.519897461 875.129516602 861.969726562 764.91583252
eeg 868.549621582 954.088623047 931.058898926 863.614685059
a nan nan nan nan
b nan nan nan nan
d nan nan nan nan
g nan nan nan nan
t nan nan nan nan
h 4.0 4.0 4.0 4.0
c 0.0
Aa 0.0 0.0 0.0 0.0
Ab 0.0 0.0 0.0 0.0
Ad 0.0 0.0 0.0 0.0
Ag 0.0 0.0 0.0 0.0
At 0.0 0.0 0.0 0.0
as 0.0 0.0 0.0 0.0
bs 0.0 0.0 0.0 0.0
ds 0.0 0.0 0.0 0.0
gs 0.0 0.0 0.0 0.0
ts 0.0 0.0 0.0 0.0
eeg 820.845214844 848.809875488 832.360046387 929.413879395
eeg 804.395385742 822.49017334 802.750427246 830.715087891
eeg 806.040344238 848.809875488 822.49017334 810.975280762
eeg 845.519897461 822.49017334 776.430725098 817.555236816
eeg 899.804260254 875.129516602 881.709472656 778.075683594
eeg 807.68536377 927.768920898 917.899047852 876.774536133
eeg 827.425109863 796.170471191 799.460449219 909.674133301
eeg 820.845214844 796.170471191 783.010620117 797.815490723
eeg 773.14074707 796.170471191 773.14074707 784.655639648
eeg 824.135131836 875.129516602 878.419494629 778.075683594
eeg 858.679748535 927.768920898 934.348815918 863.614685059
eeg 812.620300293 822.49017334 829.070068359 935.993835449
eeg 787.945556641 796.170471191 792.880554199 830.715087891
eeg 814.265258789 822.49017334 819.200195312 797.815490723
eeg 857.034729004 822.49017334 792.880554199 817.555236816
eeg 903.094238281 901.44921875 871.839599609 764.91583252
eeg 799.460449219 980.40826416 924.478942871 817.555236816
eeg 815.91027832 875.129516602 792.880554199 870.194580078
eeg 838.940002441 848.809875488 792.880554199 764.91583252
eeg 781.365661621 848.809875488 792.880554199 764.91583252
eeg 832.360046387 927.768920898 871.839599609 764.91583252
eeg 866.904663086 954.088623047 924.478942871 843.874938965
a nan nan nan nan
b nan nan nan nan
d nan nan nan nan
g nan nan nan nan
t nan nan nan nan
h 4.0 4.0 4.0 4.0
c 0.0
Aa 0.0 0.0 0.0 0.0
Ab 0.0 0.0 0.0 0.0
Ad 0.0 0.0 0.0 0.0
Ag 0.0 0.0 0.0 0.0
At 0.0 0.0 0.0 0.0
as 0.0 0.0 0.0 0.0
bs 0.0 0.0 0.0 0.0
ds 0.0 0.0 0.0 0.0
gs 0.0 0.0 0.0 0.0
ts 0.0 0.0 0.0 0.0
eeg 812.620300293 848.809875488 819.200195312 896.514282227
eeg 784.655639648 822.49017334 792.880554199 791.235534668
eeg 810.975280762 848.809875488 819.200195312 764.91583252
eeg 853.744812012 848.809875488 819.200195312 791.235534668
eeg 901.44921875 875.129516602 871.839599609 791.235534668
eeg 796.170471191 927.768920898 924.478942871 843.874938965
eeg 807.68536377 796.170471191 792.880554199 896.514282227
eeg 827.425109863 796.170471191 766.560852051 764.91583252
eeg 796.170471191 822.49017334 792.880554199 764.91583252
eeg 815.91027832 893.224304199 880.064453125 796.170471191
eeg 866.904663086 945.863708496 959.02355957 875.129516602
eeg 817.555236816 840.584960938 853.744812012 927.768920898
eeg 792.880554199 787.945556641 827.425109863 822.49017334
eeg 830.715087891 840.584960938 880.064453125 796.170471191
eeg 865.259643555 840.584960938 880.064453125 822.49017334
eeg 896.514282227 840.584960938 906.384155273 822.49017334
eeg 804.395385742 893.224304199 985.343200684 848.809875488
eeg 801.105407715 787.945556641 853.744812012 901.44921875
eeg 843.874938965 787.945556641 853.744812012 769.850830078
eeg 809.330322266 840.584960938 880.064453125 769.850830078
eeg 819.200195312 893.224304199 932.703857422 796.170471191
eeg 873.484558105 893.224304199 959.02355957 848.809875488
a nan nan nan nan
b nan nan nan nan
d nan nan nan nan
g nan nan nan nan
t nan nan nan nan
h 4.0 4.0 4.0 4.0
c 0.0
Aa 0.0 0.0 0.0 0.0
Ab 0.0 0.0 0.0 0.0
Ad 0.0 0.0 0.0 0.0
Ag 0.0 0.0 0.0 0.0
At 0.0 0.0 0.0 0.0
as 0.0 0.0 0.0 0.0
bs 0.0 0.0 0.0 0.0
ds 0.0 0.0 0.0 0.0
gs 0.0 0.0 0.0 0.0
ts 0.0 0.0 0.0 0.0
eeg 822.49017334 840.584960938 853.744812012 901.44921875
eeg 791.235534668 787.945556641 801.105407715 796.170471191
eeg 832.360046387 840.584960938 853.744812012 769.850830078
eeg 863.614685059 840.584960938 853.744812012 822.49017334
