eeg 820.845214844 924.478942871 871.839599609 799.460449219
eeg 840.584960938 819.200195312 819.200195312 878.419494629
eeg 827.425109863 786.300598145 792.880554199 931.058898926
eeg 819.200195312 766.560852051 766.560852051 852.09979248
eeg 837.29498291 858.679748535 845.519897461 825.780151367
eeg 848.809875488 931.058898926 898.159240723 852.09979248
eeg 847.164855957 825.780151367 819.200195312 852.09979248
eeg 837.29498291 799.460449219 792.880554199 878.419494629
eeg 834.005004883 812.620300293 792.880554199 931.058898926
eeg 843.874938965 773.14074707 740.241149902 799.460449219
eeg 827.425109863 858.679748535 845.519897461 799.460449219
eeg 822.49017334 917.899047852 871.839599609 825.780151367
eeg 824.135131836 792.880554199 792.880554199 878.419494629
eeg 840.584960938 779.720703125 766.560852051 904.739196777
a nan nan nan nan
b nan nan nan nan
d nan nan nan nan
g nan nan nan nan
t nan nan nan nan
h 4.0 4.0 4.0 4.0
c 0.0
Aa 0.0 0.0 0.0 0.0
Ab 0.0 0.0 0.0 0.0
Ad 0.0 0.0 0.0 0.0
Ag 0.0 0.0 0.0 0.0
At 0.0 0.0 0.0 0.0
as 0.0 0.0 0.0 0.0
bs 0.0 0.0 0.0 0.0
ds 0.0 0.0 0.0 0.0
gs 0.0 0.0 0.0 0.0
ts 0.0 0.0 0.0 0.0
eeg 827.425109863 779.720703125 766.560852051 825.780151367
eeg 820.845214844 865.259643555 845.519897461 773.14074707
eeg 820.845214844 944.218688965 950.79864502 878.419494629
eeg 820.845214844 838.940002441 845.519897461 931.058898926
eeg 809.330322266 812.620300293 845.519897461 931.058898926
eeg 815.91027832 838.940002441 845.519897461 983.698242188
eeg 822.49017334 812.620300293 792.880554199 878.419494629
eeg 796.170471191 865.259643555 871.839599609 878.419494629
eeg 807.68536377 917.899047852 898.159240723 931.058898926
eeg 819.200195312 786.300598145 792.880554199 931.058898926
eeg 825.780151367 786.300598145 792.880554199 931.058898926
eeg 791.235534668 786.300598145 792.880554199 825.780151367
eeg 809.330322266 865.259643555 871.839599609 773.14074707
eeg 825.780151367 917.899047852 924.478942871 825.780151367
eeg 809.330322266 812.620300293 819.200195312 825.780151367
eeg 815.91027832 786.300598145 819.200195312 825.780151367
eeg 834.005004883 812.620300293 819.200195312 878.419494629
eeg 853.744812012 812.620300293 792.880554199 773.14074707
eeg 825.780151367 891.579345703 792.880554199 753.401000977
eeg 825.780151367 944.218688965 845.519897461 832.360046387
eeg 837.29498291 812.620300293 740.241149902 871.839599609
eeg 843.874938965 812.620300293 740.241149902 911.319091797
a nan nan nan nan
b nan nan nan nan
d nan nan nan nan
g nan nan nan nan
t nan nan nan nan
h 4.0 4.0 4.0 4.0
c 0.0
Aa 0.0 0.0 0.0 0.0
Ab 0.0 0.0 0.0 0.0
Ad 0.0 0.0 0.0 0.0
Ag 0.0 0.0 0.0 0.0
At 0.0 0.0 0.0 0.0
as 0.0 0.0 0.0 0.0
bs 0.0 0.0 0.0 0.0
ds 0.0 0.0 0.0 0.0
gs 0.0 0.0 0.0 0.0
ts 0.0 0.0 0.0 0.0
eeg 817.555236816 838.940002441 740.241149902 815.91027832
eeg 820.845214844 891.579345703 792.880554199 753.401000977
eeg 838.940002441 944.218688965 845.519897461 838.940002441
eeg 827.425109863 838.940002441 792.880554199 868.549621582
eeg 799.460449219 812.620300293 792.880554199 861.969726562
eeg 804.395385742 838.940002441 792.880554199 927.768920898
eeg 819.200195312 838.940002441 792.880554199 799.460449219
eeg 791.235534668 865.259643555 845.519897461 769.850830078
eeg 791.235534668 917.899047852 898.159240723 868.549621582
eeg 799.460449219 786.300598145 792.880554199 888.289367676
eeg 809.330322266 786.300598145 792.880554199 917.899047852
eeg 794.525512695 812.620300293 792.880554199 819.200195312
eeg 806.040344238 917.899047852 871.839599609 753.401000977
eeg 835.650024414 970.538391113 950.79864502 838.940002441
eeg 820.845214844 917.899047852 871.839599609 871.839599609
eeg 801.105407715 865.259643555 845.519897461 858.679748535
eeg 825.780151367 917.899047852 871.839599609 911.319091797
eeg 832.360046387 917.899047852 871.839599609 806.040344238
eeg 824.135131836 917.899047852 898.159240723 766.560852051
eeg 829.070068359 970.538391113 950.79864502 878.419494629
eeg 827.425109863 812.620300293 819.200195312 891.579345703
eeg 838.940002441 812.620300293 819.200195312 904.739196777
a nan nan nan nan
b nan nan nan nan
d nan nan nan nan
g nan nan nan nan
t nan nan nan nan
h 4.0 4.0 4.0 4.0
c 0.0
Aa 0.0 0.0 0.0 0.0
Ab 0.0 0.0 0.0 0.0
Ad 0.0 0.0 0.0 0.0
Ag 0.0 0.0 0.0 0.0
At 0.0 0.0 0.0 0.0
as 0.0 0.0 0.0 0.0
bs 0.0 0.0 0.0 0.0
ds 0.0 0.0 0.0 0.0
gs 0.0 0.0 0.0 0.0
ts 0.0 0.0 0.0 0.0
eeg 809.330322266 812.620300293 845.519897461 806.040344238
eeg 810.975280762 865.259643555 898.159240723 746.821105957
eeg 815.91027832 865.259643555 950.79864502 845.519897461
eeg 820.845214844 812.620300293 845.519897461 884.999450684
eeg 806.040344238 759.980895996 792.880554199 858.679748535
eeg 819.200195312 812.620300293 819.200195312 891.579345703
eeg 843.874938965 838.940002441 845.519897461 812.620300293
eeg 824.135131836 858.679748535 898.159240723 786.300598145
eeg 820.845214844 937.638793945 1003.43798828 891.579345703
eeg 829.070068359 806.040344238 871.839599609 891.579345703
eeg 829.070068359 786.300598145 871.839599609 891.579345703
eeg 819.200195312 852.09979248 898.159240723 812.620300293
eeg 824.135131836 891.579345703 950.79864502 759.980895996
eeg 829.070068359 924.478942871 977.118347168 838.940002441
eeg 829.070068359 819.200195312 871.839599609 865.259643555
eeg 812.620300293 759.980895996 845.519897461 838.940002441
eeg 837.29498291 838.940002441 898.159240723 865.259643555
eeg 837.29498291 865.259643555 898.159240723 812.620300293
eeg 824.135131836 858.679748535 898.159240723 759.980895996
eeg 810.975280762 924.478942871 950.79864502 891.579345703
eeg 835.650024414 792.880554199 792.880554199 891.579345703
eeg 837.29498291 773.14074707 792.880554199 891.579345703
a nan nan nan nan
b nan nan nan nan
d nan nan nan nan
g nan nan nan nan
t nan nan nan nan
h 4.0 4.0 4.0 4.0
c 0.0
Aa 0.0 0.0 0.0 0.0
Ab 0.0 0.0 0.0 0.0
Ad 0.0 0.0 0.0 0.0
Ag 0.0 0.0 0.0 0.0
At 0.0 0.0 0.0 0.0
as 0.0 0.0 0.0 0.0
bs 0.0 0.0 0.0 0.0
ds 0.0 0.0 0.0 0.0
gs 0.0 0.0 0.0 0.0
ts 0.0 0.0 0.0 0.0
eeg 806.040344238 866.904663086 838.940002441 801.105407715
eeg 817.555236816 893.224304199 891.579345703 774.785766602
eeg 829.070068359 893.224304199 944.218688965 853.744812012
eeg 824.135131836 814.265258789 944.218688965 906.384155273
eeg 784.655639648 761.625915527 891.579345703 853.744812012
eeg 789.590576172 840.584960938 944.218688965 853.744812012
eeg 797.815490723 866.904663086 944.218688965 801.105407715
eeg 778.075683594 866.904663086 944.218688965 748.466064453
eeg 778.075683594 919.544006348 996.858093262 880.064453125
eeg 792.880554199 814.265258789 891.579345703 880.064453125
eeg 796.170471191 787.945556641 891.579345703 853.744812012
eeg 786.300598145 893.224304199 944.218688965 801.105407715
eeg 804.395385742 893.224304199 944.218688965 774.785766602
eeg 812.620300293 893.224304199 944.218688965 853.744812012
eeg 815.91027832 814.265258789 838.940002441 906.384155273
eeg 781.365661621 761.625915527 786.300598145 853.744812012
eeg 791.235534668 866.904663086 838.940002441 853.744812012
eeg 824.135131836 866.904663086 866.904663086 801.105407715
eeg 819.200195312 840.584960938 852.09979248 722.146362305
eeg 819.200195312 866.904663086 914.609069824 827.425109863
eeg 832.360046387 787.945556641 794.525512695 801.105407715
eeg 843.874938965 735.306213379 759.980895996 774.785766602
a nan nan nan nan
b nan nan nan nan
d nan nan nan nan
g nan nan nan nan
t nan nan nan nan
h 4.0 4.0 4.0 4.0
c 0.0
Aa 0.0 0.0 0.0 0.0
Ab 0.0 0.0 0.0 0.0
Ad 0.0 0.0 0.0 0.0
Ag 0.0 0.0 0.0 0.0
At 0.0 0.0 0.0 0.0
as 0.0 0.0 0.0 0.0
bs 0.0 0.0 0.0 0.0
ds 0.0 0.0 0.0 0.0
gs 0.0 0.0 0.0 0.0
ts 0.0 0.0 0.0 0.0
eeg 817.555236816 866.904663086 873.484558105 722.146362305
eeg 822.49017334 866.904663086 896.514282227 695.826660156
eeg 838.940002441 866.904663086 914.609069824 774.785766602
eeg 824.135131836 787.945556641 809.330322266 827.425109863
eeg 810.975280762 735.306213379 748.466064453 774.785766602
eeg 819.200195312 840.584960938 855.389770508 774.785766602
eeg 829.070068359 866.904663086 884.999450684 774.785766602
eeg 807.68536377 840.584960938 863.614685059 722.146362305
eeg 801.105407715 840.584960938 896.514282227 853.744812012
eeg 829.070068359 787.945556641 806.040344238 880.064453125
eeg 843.874938965 735.306213379 756.690979004 827.425109863
eeg 819.200195312 866.904663086 888.289367676 774.785766602
eeg 824.135131836 866.904663086 888.289367676 722.146362305
eeg 842.229919434 866.904663086 888.289367676 774.785766602
eeg 832.360046387 787.945556641 809.330322266 827.425109863
eeg 810.975280762 735.306213379 756.690979004 774.785766602
eeg 815.91027832 840.584960938 861.969726562 774.785766602
eeg 834.005004883 866.904663086 888.289367676 774.785766602
eeg 835.650024414 840.584960938 861.969726562 722.146362305
eeg 817.555236816 840.584960938 888.289367676 827.425109863
eeg 834.005004883 787.945556641 809.330322266 827.425109863
eeg 843.874938965 735.306213379 756.690979004 774.785766602
a nan nan nan nan
b nan nan nan nan
d nan nan nan nan
g nan nan nan nan
t nan nan nan nan
h 4.0 4.0 4.0 4.0
c 0.0
Aa 0.0 0.0 0.0 0.0
Ab 0.0 0.0 0.0 0.0
Ad 0.0 0.0 0.0 0.0
Ag 0.0 0.0 0.0 0.0
At 0.0 0.0 0.0 0.0
as 0.0 0.0 0.0 0.0
bs 0.0 0.0 0.0 0.0
ds 0.0 0.0 0.0 0.0
gs 0.0 0.0 0.0 0.0
ts 0.0 0.0 0.0 0.0
eeg 819.200195312 866.904663086 888.289367676 774.785766602
eeg 824.135131836 866.904663086 888.289367676 774.785766602
eeg 827.425109863 840.584960938 888.289367676 827.425109863
eeg 820.845214844 787.945556641 809.330322266 880.064453125
eeg 797.815490723 761.625915527 756.690979004 827.425109863
eeg 814.265258789 840.584960938 835.650024414 807.68536377
eeg 827.425109863 866.904663086 835.650024414 814.265258789
eeg 815.91027832 814.265258789 783.010620117 768.205810547
eeg 819.200195312 814.265258789 756.690979004 876.774536133
eeg 827.425109863 787.945556641 704.051574707 909.674133301
eeg 822.49017334 735.306213379 677.731872559 801.105407715
eeg 794.525512695 866.904663086 783.010620117 781.365661621
eeg 797.815490723 866.904663086 809.330322266 768.205810547
eeg 814.265258789 840.584960938 809.330322266 860.324707031
eeg 822.49017334 787.945556641 756.690979004 929.413879395
eeg 778.075683594 761.625915527 730.371276855 824.135131836
eeg 783.010620117 840.584960938 835.650024414 797.815490723
eeg 794.525512695 893.224304199 888.289367676 820.845214844
eeg 779.720703125 814.265258789 835.650024414 784.655639648
eeg 786.300598145 814.265258789 835.650024414 866.904663086
eeg 789.590576172 814.265258789 809.330322266 919.544006348
eeg 807.68536377 708.98651123 756.690979004 814.265258789
a nan nan nan nan
b nan nan nan nan
d nan nan nan nan
g nan nan nan nan
t nan nan nan nan
h 4.0 4.0 4.0 4.0
c 0.0
Aa 0.0 0.0 0.0 0.0
Ab 0.0 0.0 0.0 0.0
Ad 0.0 0.0 0.0 0.0
Ag 0.0 0.0 0.0 0.0
At 0.0 0.0 0.0 0.0
as 0.0 0.0 0.0 0.0
bs 0.0 0.0 0.0 0.0
ds 0.0 0.0 0.0 0.0
gs 0.0 0.0 0.0 0.0
ts 0.0 0.0 0.0 0.0
eeg 796.170471191 814.265258789 861.969726562 814.265258789
eeg 779.720703125 814.265258789 861.969726562 814.265258789
eeg 794.525512695 761.625915527 861.969726562 866.904663086
eeg 807.68536377 708.98651123 809.330322266 919.544006348
eeg 804.395385742 708.98651123 809.330322266 814.265258789
eeg 807.68536377 761.625915527 861.969726562 814.265258789
eeg 810.975280762 814.265258789 914.609069824 814.265258789
eeg 797.815490723 761.625915527 861.969726562 814.265258789
eeg 792.880554199 761.625915527 861.969726562 866.904663086
eeg 797.815490723 761.625915527 861.969726562 919.544006348
eeg 810.975280762 708.98651123 809.330322266 814.265258789
eeg 786.300598145 814.265258789 914.609069824 814.265258789
eeg 796.170471191 814.265258789 914.609069824 814.265258789
eeg 806.040344238 761.625915527 861.969726562 866.904663086
eeg 797.815490723 761.625915527 809.330322266 919.544006348
eeg 768.205810547 761.625915527 756.690979004 840.584960938
eeg 796.170471191 840.584960938 756.690979004 840.584960938
eeg 815.91027832 893.224304199 809.330322266 866.904663086
eeg 791.235534668 814.265258789 756.690979004 866.904663086
eeg 763.270874023 787.945556641 756.690979004 893.224304199
eeg 786.300598145 787.945556641 756.690979004 945.863708496
eeg 797.815490723 761.625915527 704.051574707 814.265258789
a nan nan nan nan
b nan nan nan nan
d nan nan nan nan
g nan nan nan nan
t nan nan nan nan
h 4.0 4.0 4.0 4.0
c 0.0
Aa 0.0 0.0 0.0 0.0
Ab 0.0 0.0 0.0 0.0
Ad 0.0 0.0 0.0 0.0
Ag 0.0 0.0 0.0 0.0
At 0.0 0.0 0.0 0.0
as 0.0 0.0 0.0 0.0
bs 0.0 0.0 0.0 0.0
ds 0.0 0.0 0.0 0.0
gs 0.0 0.0 0.0 0.0
ts 0.0 0.0 0.0 0.0
eeg 768.205810547 866.904663086 809.330322266 814.265258789
eeg 787.945556641 893.224304199 809.330322266 840.584960938
eeg 784.655639648 787.945556641 756.690979004 893.224304199
eeg 809.330322266 787.945556641 756.690979004 945.863708496
eeg 796.170471191 787.945556641 756.690979004 840.584960938
eeg 797.815490723 866.904663086 809.330322266 814.265258789
eeg 810.975280762 919.544006348 861.969726562 840.584960938
eeg 801.105407715 814.265258789 809.330322266 840.584960938
eeg 787.945556641 787.945556641 809.330322266 866.904663086
eeg 792.880554199 787.945556641 809.330322266 972.183410645
eeg 807.68536377 787.945556641 783.010620117 866.904663086
eeg 792.880554199 840.584960938 888.289367676 866.904663086
eeg 804.395385742 893.224304199 914.609069824 919.544006348
eeg 804.395385742 787.945556641 809.330322266 972.183410645
eeg 794.525512695 787.945556641 783.010620117 972.183410645
eeg 781.365661621 787.945556641 783.010620117 866.904663086
eeg 791.235534668 840.584960938 861.969726562 814.265258789
eeg 806.040344238 893.224304199 940.928771973 866.904663086
eeg 784.655639648 787.945556641 861.969726562 866.904663086
eeg 776.430725098 787.945556641 835.650024414 866.904663086
eeg 799.460449219 787.945556641 835.650024414 919.544006348
eeg 809.330322266 787.945556641 809.330322266 814.265258789
a nan nan nan nan
b nan nan nan nan
d nan nan nan nan
g nan nan nan nan
t nan nan nan nan
h 4.0 4.0 4.0 4.0
c 0.0
Aa 0.0 0.0 0.0 0.0
Ab 0.0 0.0 0.0 0.0
Ad 0.0 0.0 0.0 0.0
Ag 0.0 0.0 0.0 0.0
At 0.0 0.0 0.0 0.0
as 0.0 0.0 0.0 0.0
bs 0.0 0.0 0.0 0.0
ds 0.0 0.0 0.0 0.0
gs 0.0 0.0 0.0 0.0
ts 0.0 0.0 0.0 0.0
eeg 783.010620117 840.584960938 888.289367676 814.265258789
eeg 773.14074707 893.224304199 914.609069824 866.904663086
eeg 778.075683594 787.945556641 809.330322266 866.904663086
eeg 774.785766602 814.265258789 756.690979004 919.544006348
eeg 763.270874023 814.265258789 756.690979004 866.904663086
eeg 783.010620117 893.224304199 809.330322266 866.904663086
eeg 809.330322266 945.863708496 861.969726562 972.183410645
eeg 812.620300293 840.584960938 809.330322266 972.183410645
eeg 797.815490723 814.265258789 809.330322266 972.183410645
eeg 807.68536377 840.584960938 809.330322266 1024.82275391
eeg 829.070068359 840.584960938 809.330322266 919.544006348
eeg 820.845214844 866.904663086 861.969726562 919.544006348
eeg 807.68536377 945.863708496 914.609069824 972.183410645
eeg 830.715087891 814.265258789 809.330322266 972.183410645
eeg 827.425109863 814.265258789 809.330322266 972.183410645
eeg 809.330322266 840.584960938 809.330322266 866.904663086
eeg 815.91027832 893.224304199 861.969726562 814.265258789
eeg 817.555236816 919.544006348 914.609069824 866.904663086
eeg 830.715087891 814.265258789 809.330322266 866.904663086
eeg 812.620300293 769.850830078 779.720703125 858.679748535
eeg 817.555236816 822.49017334 832.360046387 937.638793945
eeg 827.425109863 848.809875488 832.360046387 832.360046387
a nan nan nan nan
b nan nan nan nan
d nan nan nan nan
g nan nan nan nan
t nan nan nan nan
h 4.0 4.0 4.0 4.0
c 0.0
Aa 0.0 0.0 0.0 0.0
Ab 0.0 0.0 0.0 0.0
Ad 0.0 0.0 0.0 0.0
Ag 0.0 0.0 0.0 0.0
At 0.0 0.0 0.0 0.0
as 0.0 0.0 0.0 0.0
bs 0.0 0.0 0.0 0.0
ds 0.0 0.0 0.0 0.0
gs 0.0 0.0 0.0 0.0
ts 0.0 0.0 0.0 0.0
eeg 834.005004883 875.129516602 884.999450684 806.040344238
eeg 834.005004883 954.088623047 937.638793945 911.319091797
eeg 830.715087891 822.49017334 806.040344238 911.319091797
eeg 837.29498291 822.49017334 806.040344238 911.319091797
eeg 807.68536377 875.129516602 832.360046387 832.360046387
eeg 815.91027832 927.768920898 884.999450684 779.720703125
eeg 847.164855957 954.088623047 937.638793945 858.679748535
eeg 842.229919434 848.809875488 832.360046387 884.999450684
eeg 822.49017334 796.170471191 806.040344238 858.679748535
eeg 824.135131836 848.809875488 832.360046387 884.999450684
eeg 835.650024414 848.809875488 832.360046387 806.040344238
eeg 822.49017334 848.809875488 832.360046387 779.720703125
eeg 817.555236816 927.768920898 911.319091797 884.999450684
eeg 822.49017334 796.170471191 779.720703125 884.999450684
eeg 825.780151367 822.49017334 806.040344238 911.319091797
eeg 797.815490723 901.44921875 858.679748535 832.360046387
eeg 807.68536377 927.768920898 937.638793945 779.720703125
eeg 825.780151367 954.088623047 963.958496094 858.679748535
eeg 814.265258789 848.809875488 858.679748535 884.999450684
eeg 799.460449219 796.170471191 806.040344238 858.679748535
eeg 815.91027832 848.809875488 832.360046387 884.999450684
eeg 820.845214844 875.129516602 858.679748535 806.040344238
a nan nan nan nan
b nan nan nan nan
d nan nan nan nan
g nan nan nan nan
t nan nan nan nan
h 4.0 4.0 4.0 4.0
c 0.0
Aa 0.0 0.0 0.0 0.0
Ab 0.0 0.0 0.0 0.0
Ad 0.0 0.0 0.0 0.0
Ag 0.0 0.0 0.0 0.0
At 0.0 0.0 0.0 0.0
as 0.0 0.0 0.0 0.0
bs 0.0 0.0 0.0 0.0
ds 0.0 0.0 0.0 0.0
gs 0.0 0.0 0.0 0.0
ts 0.0 0.0 0.0 0.0
eeg 809.330322266 875.129516602 858.679748535 779.720703125
eeg 804.395385742 927.768920898 937.638793945 884.999450684
eeg 827.425109863 822.49017334 806.040344238 884.999450684
eeg 822.49017334 796.170471191 806.040344238 884.999450684
eeg 797.815490723 875.129516602 858.679748535 806.040344238
eeg 810.975280762 901.44921875 911.319091797 779.720703125
eeg 814.265258789 901.44921875 937.638793945 858.679748535
eeg 814.265258789 822.49017334 832.360046387 911.319091797
eeg 786.300598145 743.53112793 832.360046387 858.679748535
eeg 804.395385742 829.070068359 937.638793945 806.040344238
eeg 819.200195312 861.969726562 937.638793945 753.401000977
eeg 796.170471191 848.809875488 937.638793945 700.76159668
eeg 807.68536377 901.44921875 990.278137207 806.040344238
eeg 804.395385742 789.590576172 884.999450684 806.040344238
eeg 817.555236816 756.690979004 884.999450684 806.040344238
eeg 804.395385742 868.549621582 937.638793945 753.401000977
eeg 809.330322266 888.289367676 937.638793945 753.401000977
eeg 829.070068359 901.44921875 937.638793945 806.040344238
eeg 834.005004883 802.750427246 884.999450684 858.679748535
eeg 807.68536377 743.53112793 832.360046387 806.040344238
eeg 814.265258789 848.809875488 884.999450684 806.040344238
eeg 815.91027832 881.709472656 884.999450684 806.040344238
a nan nan nan nan
b nan nan nan nan
d nan nan nan nan
g nan nan nan nan
t nan nan nan nan
h 4.0 4.0 4.0 4.0
c 0.0
Aa 0.0 0.0 0.0 0.0
Ab 0.0 0.0 0.0 0.0
Ad 0.0 0.0 0.0 0.0
Ag 0.0 0.0 0.0 0.0
At 0.0 0.0 0.0 0.0
as 0.0 0.0 0.0 0.0
bs 0.0 0.0 0.0 0.0
ds 0.0 0.0 0.0 0.0
gs 0.0 0.0 0.0 0.0
ts 0.0 0.0 0.0 0.0
eeg 820.845214844 855.389770508 884.999450684 753.401000977
eeg 815.91027832 894.86932373 937.638793945 858.679748535
eeg 835.650024414 894.86932373 812.620300293 858.679748535
eeg 850.454833984 842.229919434 776.430725098 832.360046387
eeg 807.68536377 947.508666992 884.999450684 779.720703125
eeg 825.780151367 947.508666992 904.739196777 753.401000977
eeg 848.809875488 947.508666992 921.188964844 832.360046387
eeg 866.904663086 894.86932373 815.91027832 884.999450684
eeg 834.005004883 842.229919434 750.111022949 832.360046387
eeg 847.164855957 894.86932373 848.809875488 832.360046387
eeg 852.09979248 894.86932373 881.709472656 806.040344238
eeg 843.874938965 894.86932373 865.259643555 753.401000977
eeg 840.584960938 894.86932373 901.44921875 884.999450684
eeg 838.940002441 842.229919434 802.750427246 884.999450684
eeg 847.164855957 789.590576172 753.401000977 832.360046387
eeg 814.265258789 894.86932373 875.129516602 806.040344238
eeg 834.005004883 894.86932373 898.159240723 779.720703125
eeg 838.940002441 894.86932373 904.739196777 858.679748535
eeg 837.29498291 789.590576172 852.09979248 858.679748535
eeg 819.200195312 684.311828613 799.460449219 753.401000977
eeg 835.650024414 789.590576172 852.09979248 753.401000977
eeg 845.519897461 789.590576172 852.09979248 753.401000977
a nan nan nan nan
b nan nan nan nan
d nan nan nan nan
g nan nan nan nan
t nan nan nan nan
h 4.0 4.0 4.0 4.0
c 0.0
Aa 0.0 0.0 0.0 0.0
Ab 0.0 0.0 0.0 0.0
Ad 0.0 0.0 0.0 0.0
Ag 0.0 0.0 0.0 0.0
At 0.0 0.0 0.0 0.0
as 0.0 0.0 0.0 0.0
bs 0.0 0.0 0.0 0.0
ds 0.0 0.0 0.0 0.0
gs 0.0 0.0 0.0 0.0
ts 0.0 0.0 0.0 0.0
eeg 825.780151367 789.590576172 852.09979248 700.76159668
eeg 812.620300293 789.590576172 852.09979248 806.040344238
eeg 830.715087891 736.951171875 799.460449219 806.040344238
eeg 858.679748535 684.311828613 746.821105957 753.401000977
eeg 815.91027832 789.590576172 852.09979248 753.401000977
eeg 840.584960938 789.590576172 852.09979248 753.401000977
eeg 852.09979248 789.590576172 852.09979248 806.040344238
eeg 852.09979248 736.951171875 799.460449219 858.679748535
eeg 848.809875488 736.951171875 746.821105957 806.040344238
eeg 852.09979248 842.229919434 799.460449219 806.040344238
eeg 875.129516602 894.86932373 852.09979248 806.040344238
eeg 865.259643555 842.229919434 852.09979248 753.401000977
eeg 848.809875488 815.91027832 852.09979248 832.360046387
eeg 852.09979248 789.590576172 799.460449219 858.679748535
eeg 855.389770508 736.951171875 746.821105957 779.720703125
eeg 834.005004883 868.549621582 852.09979248 779.720703125
eeg 838.940002441 868.549621582 852.09979248 779.720703125
eeg 848.809875488 842.229919434 852.09979248 858.679748535
eeg 842.229919434 789.590576172 799.460449219 911.319091797
eeg 829.070068359 763.270874023 799.460449219 832.360046387
eeg 842.229919434 842.229919434 852.09979248 806.040344238
eeg 845.519897461 894.86932373 904.739196777 806.040344238
a nan nan nan nan
b nan nan nan nan
d nan nan nan nan
g nan nan nan nan
t nan nan nan nan
h 4.0 4.0 4.0 4.0
c 0.0
Aa 0.0 0.0 0.0 0.0
Ab 0.0 0.0 0.0 0.0
Ad 0.0 0.0 0.0 0.0
Ag 0.0 0.0 0.0 0.0
At 0.0 0.0 0.0 0.0
as 0.0 0.0 0.0 0.0
bs 0.0 0.0 0.0 0.0
ds 0.0 0.0 0.0 0.0
gs 0.0 0.0 0.0 0.0
ts 0.0 0.0 0.0 0.0
eeg 838.940002441 842.229919434 852.09979248 779.720703125
eeg 827.425109863 842.229919434 852.09979248 858.679748535
eeg 824.135131836 842.229919434 852.09979248 884.999450684
eeg 834.005004883 763.270874023 799.460449219 779.720703125
eeg 806.040344238 894.86932373 904.739196777 779.720703125
eeg 822.49017334 894.86932373 904.739196777 779.720703125
eeg 847.164855957 842.229919434 852.09979248 884.999450684
eeg 853.744812012 789.590576172 746.821105957 937.638793945
eeg 830.715087891 789.590576172 746.821105957 832.360046387
eeg 858.679748535 842.229919434 799.460449219 806.040344238
eeg 870.194580078 894.86932373 852.09979248 806.040344238
eeg 847.164855957 842.229919434 799.460449219 806.040344238
eeg 840.584960938 842.229919434 799.460449219 858.679748535
eeg 855.389770508 842.229919434 799.460449219 911.319091797
eeg 845.519897461 789.590576172 746.821105957 806.040344238
eeg 827.425109863 894.86932373 852.09979248 806.040344238
eeg 835.650024414 894.86932373 852.09979248 806.040344238
eeg 840.584960938 842.229919434 852.09979248 884.999450684
eeg 852.09979248 842.229919434 799.460449219 937.638793945
eeg 834.005004883 842.229919434 799.460449219 832.360046387
eeg 829.070068359 894.86932373 852.09979248 806.040344238
eeg 850.454833984 947.508666992 904.739196777 832.360046387
a nan nan nan nan
b nan nan nan nan
d nan nan nan nan
g nan nan nan nan
t nan nan nan nan
h 4.0 4.0 4.0 4.0
c 0.0
Aa 0.0 0.0 0.0 0.0
Ab 0.0 0.0 0.0 0.0
Ad 0.0 0.0 0.0 0.0
Ag 0.0 0.0 0.0 0.0
At 0.0 0.0 0.0 0.0
as 0.0 0.0 0.0 0.0
bs 0.0 0.0 0.0 0.0
ds 0.0 0.0 0.0 0.0
gs 0.0 0.0 0.0 0.0
ts 0.0 0.0 0.0 0.0
eeg 832.360046387 845.519897461 799.460449219 858.679748535
eeg 809.330322266 822.49017334 773.14074707 911.319091797
eeg 830.715087891 832.360046387 773.14074707 963.958496094
eeg 835.650024414 776.430725098 720.501403809 832.360046387
eeg 819.200195312 893.224304199 852.09979248 832.360046387
eeg 829.070068359 919.544006348 852.09979248 832.360046387
eeg 829.070068359 809.330322266 799.460449219 884.999450684
eeg 830.715087891 784.655639648 773.14074707 937.638793945
eeg 815.91027832 769.850830078 773.14074707 832.360046387
eeg 820.845214844 861.969726562 852.09979248 806.040344238
eeg 820.845214844 934.348815918 904.739196777 832.360046387
eeg 812.620300293 824.135131836 799.460449219 832.360046387
eeg 804.395385742 799.460449219 799.460449219 858.679748535
eeg 815.91027832 812.620300293 799.460449219 911.319091797
eeg 838.940002441 783.010620117 773.14074707 779.720703125
eeg 829.070068359 870.194580078 878.419494629 779.720703125
eeg 829.070068359 926.123962402 908.029174805 817.555236816
eeg 840.584960938 820.845214844 815.91027832 922.833984375
eeg 847.164855957 820.845214844 783.010620117 922.833984375
eeg 832.360046387 820.845214844 776.430725098 870.194580078
eeg 817.555236816 873.484558105 855.389770508 817.555236816
eeg 832.360046387 926.123962402 934.348815918 870.194580078
a nan nan nan nan
b nan nan nan nan
d nan nan nan nan
g nan nan nan nan
t nan nan nan nan
h 4.0 4.0 4.0 4.0
c 0.0
Aa 0.0 0.0 0.0 0.0
Ab 0.0 0.0 0.0 0.0
Ad 0.0 0.0 0.0 0.0
Ag 0.0 0.0 0.0 0.0
At 0.0 0.0 0.0 0.0
as 0.0 0.0 0.0 0.0
bs 0.0 0.0 0.0 0.0
ds 0.0 0.0 0.0 0.0
gs 0.0 0.0 0.0 0.0
ts 0.0 0.0 0.0 0.0
eeg 829.070068359 820.845214844 829.070068359 870.194580078
eeg 815.91027832 820.845214844 809.330322266 870.194580078
eeg 835.650024414 820.845214844 822.49017334 922.833984375
eeg 852.09979248 820.845214844 783.010620117 817.555236816
eeg 830.715087891 873.484558105 875.129516602 817.555236816
eeg 832.360046387 926.123962402 914.609069824 870.194580078
eeg 843.874938965 820.845214844 796.170471191 922.833984375
eeg 845.519897461 820.845214844 783.010620117 922.833984375
eeg 824.135131836 820.845214844 783.010620117 817.555236816
eeg 837.29498291 873.484558105 875.129516602 764.91583252
eeg 857.034729004 926.123962402 934.348815918 817.555236816
eeg 840.584960938 847.164855957 842.229919434 830.715087891
eeg 817.555236816 820.845214844 802.750427246 857.034729004
eeg 830.715087891 847.164855957 815.91027832 929.413879395
eeg 834.005004883 847.164855957 802.750427246 797.815490723
eeg 830.715087891 873.484558105 868.549621582 778.075683594
eeg 819.200195312 926.123962402 934.348815918 850.454833984
eeg 829.070068359 794.525512695 802.750427246 883.354431152
eeg 845.519897461 794.525512695 783.010620117 922.833984375
eeg 820.845214844 820.845214844 789.590576172 817.555236816
eeg 820.845214844 873.484558105 868.549621582 758.3359375
eeg 824.135131836 926.123962402 934.348815918 843.874938965
a nan nan nan nan
b nan nan nan nan
d nan nan nan nan
g nan nan nan nan
t nan nan nan nan
h 4.0 4.0 4.0 4.0
c 0.0
Aa 0.0 0.0 0.0 0.0
Ab 0.0 0.0 0.0 0.0
Ad 0.0 0.0 0.0 0.0
Ag 0.0 0.0 0.0 0.0
At 0.0 0.0 0.0 0.0
as 0.0 0.0 0.0 0.0
bs 0.0 0.0 0.0 0.0
ds 0.0 0.0 0.0 0.0
gs 0.0 0.0 0.0 0.0
ts 0.0 0.0 0.0 0.0
eeg 820.845214844 820.845214844 809.330322266 863.614685059
eeg 812.620300293 794.525512695 783.010620117 863.614685059
eeg 830.715087891 820.845214844 822.49017334 922.833984375
eeg 825.780151367 820.845214844 815.91027832 797.815490723
eeg 802.750427246 847.164855957 875.129516602 771.495788574
eeg 807.68536377 952.443603516 954.088623047 850.454833984
eeg 817.555236816 899.804260254 848.809875488 850.454833984
eeg 832.360046387 899.804260254 848.809875488 876.774536133
eeg 820.845214844 899.804260254 875.129516602 797.815490723
eeg 825.780151367 952.443603516 927.768920898 745.176086426
eeg 835.650024414 952.443603516 980.40826416 824.135131836
eeg 830.715087891 847.164855957 875.129516602 850.454833984
eeg 819.200195312 794.525512695 848.809875488 850.454833984
eeg 820.845214844 847.164855957 875.129516602 903.094238281
eeg 825.780151367 847.164855957 875.129516602 797.815490723
eeg 806.040344238 847.164855957 901.44921875 771.495788574
eeg 814.265258789 899.804260254 954.088623047 876.774536133
eeg 829.070068359 794.525512695 822.49017334 876.774536133
eeg 832.360046387 794.525512695 822.49017334 876.774536133
eeg 810.975280762 847.164855957 848.809875488 797.815490723
eeg 806.040344238 899.804260254 901.44921875 745.176086426
eeg 810.975280762 952.443603516 954.088623047 850.454833984
a nan nan nan nan
b nan nan nan nan
d nan nan nan nan
g nan nan nan nan
t nan nan nan nan
h 4.0 4.0 4.0 4.0
c 0.0
Aa 0.0 0.0 0.0 0.0
Ab 0.0 0.0 0.0 0.0
Ad 0.0 0.0 0.0 0.0
Ag 0.0 0.0 0.0 0.0
At 0.0 0.0 0.0 0.0
as 0.0 0.0 0.0 0.0
bs 0.0 0.0 0.0 0.0
ds 0.0 0.0 0.0 0.0
gs 0.0 0.0 0.0 0.0
ts 0.0 0.0 0.0 0.0
eeg 814.265258789 899.804260254 875.129516602 903.094238281
eeg 791.235534668 899.804260254 848.809875488 903.094238281
eeg 817.555236816 952.443603516 901.44921875 929.413879395
eeg 820.845214844 952.443603516 901.44921875 850.454833984
eeg 791.235534668 952.443603516 901.44921875 797.815490723
eeg 796.170471191 1005.08300781 980.40826416 903.094238281
eeg 809.330322266 899.804260254 822.49017334 903.094238281
eeg 814.265258789 899.804260254 822.49017334 903.094238281
eeg 791.235534668 952.443603516 848.809875488 824.135131836
eeg 802.750427246 952.443603516 901.44921875 771.495788574
eeg 814.265258789 952.443603516 927.768920898 850.454833984
eeg 814.265258789 847.164855957 822.49017334 876.774536133
eeg 799.460449219 794.525512695 796.170471191 850.454833984
eeg 820.845214844 847.164855957 848.809875488 850.454833984
eeg 835.650024414 847.164855957 848.809875488 797.815490723
eeg 820.845214844 820.845214844 901.44921875 797.815490723
eeg 825.780151367 873.484558105 1006.72796631 903.094238281
eeg 824.135131836 768.205810547 901.44921875 903.094238281
eeg 827.425109863 741.886108398 901.44921875 903.094238281
eeg 787.945556641 847.164855957 954.088623047 850.454833984
eeg 789.590576172 873.484558105 954.088623047 797.815490723
eeg 799.460449219 873.484558105 954.088623047 850.454833984
a nan nan nan nan
b nan nan nan nan
d nan nan nan nan
g nan nan nan nan
t nan nan nan nan
h 4.0 4.0 4.0 4.0
c 0.0
Aa 0.0 0.0 0.0 0.0
Ab 0.0 0.0 0.0 0.0
Ad 0.0 0.0 0.0 0.0
Ag 0.0 0.0 0.0 0.0
At 0.0 0.0 0.0 0.0
as 0.0 0.0 0.0 0.0
bs 0.0 0.0 0.0 0.0
ds 0.0 0.0 0.0 0.0
gs 0.0 0.0 0.0 0.0
ts 0.0 0.0 0.0 0.0
eeg 789.590576172 794.525512695 848.809875488 903.094238281
eeg 784.655639648 741.886108398 796.170471191 850.454833984
eeg 794.525512695 820.845214844 848.809875488 850.454833984
eeg 807.68536377 847.164855957 848.809875488 797.815490723
eeg 794.525512695 847.164855957 848.809875488 745.176086426
eeg 781.365661621 873.484558105 901.44921875 850.454833984
eeg 783.010620117 794.525512695 796.170471191 850.454833984
eeg 786.300598145 768.205810547 796.170471191 850.454833984
eeg 758.3359375 873.484558105 848.809875488 797.815490723
eeg 766.560852051 899.804260254 881.709472656 745.176086426
eeg 787.945556641 899.804260254 908.029174805 797.815490723
eeg 794.525512695 820.845214844 802.750427246 850.454833984
eeg 799.460449219 768.205810547 743.53112793 797.815490723
eeg 822.49017334 873.484558105 848.809875488 797.815490723
eeg 829.070068359 899.804260254 878.419494629 797.815490723
eeg 819.200195312 873.484558105 868.549621582 745.176086426
eeg 824.135131836 873.484558105 904.739196777 850.454833984
eeg 829.070068359 794.525512695 776.430725098 850.454833984
eeg 847.164855957 768.205810547 769.850830078 850.454833984
eeg 819.200195312 899.804260254 871.839599609 797.815490723
eeg 817.555236816 899.804260254 901.44921875 797.815490723
eeg 809.330322266 899.804260254 911.319091797 850.454833984
a nan nan nan nan
b nan nan nan nan
d nan nan nan nan
g nan nan nan nan
t nan nan nan nan
h 4.0 4.0 4.0 4.0
c 0.0
Aa 0.0 0.0 0.0 0.0
Ab 0.0 0.0 0.0 0.0
Ad 0.0 0.0 0.0 0.0
Ag 0.0 0.0 0.0 0.0
At 0.0 0.0 0.0 0.0
as 0.0 0.0 0.0 0.0
bs 0.0 0.0 0.0 0.0
ds 0.0 0.0 0.0 0.0
gs 0.0 0.0 0.0 0.0
ts 0.0 0.0 0.0 0.0
eeg 809.330322266 820.845214844 812.620300293 903.094238281
eeg 787.945556641 768.205810547 746.821105957 850.454833984
eeg 784.655639648 847.164855957 842.229919434 850.454833984
eeg 819.200195312 873.484558105 842.229919434 797.815490723
eeg 794.525512695 820.845214844 815.91027832 692.536743164
eeg 797.815490723 794.525512695 842.229919434 797.815490723
eeg 797.815490723 741.886108398 763.270874023 797.815490723
eeg 807.68536377 689.246765137 736.951171875 745.176086426
eeg 789.590576172 820.845214844 868.549621582 745.176086426
eeg 794.525512695 820.845214844 868.549621582 745.176086426
eeg 807.68536377 820.845214844 868.549621582 797.815490723
eeg 796.170471191 741.886108398 789.590576172 850.454833984
eeg 796.170471191 715.566467285 736.951171875 797.815490723
eeg 827.425109863 820.845214844 842.229919434 797.815490723
eeg 822.49017334 847.164855957 868.549621582 797.815490723
eeg 778.075683594 820.845214844 842.229919434 745.176086426
eeg 781.365661621 820.845214844 842.229919434 850.454833984
eeg 786.300598145 794.525512695 789.590576172 850.454833984
eeg 807.68536377 741.886108398 736.951171875 797.815490723
eeg 776.430725098 847.164855957 815.91027832 745.176086426
eeg 779.720703125 847.164855957 815.91027832 745.176086426
eeg 794.525512695 820.845214844 789.590576172 824.135131836
a nan nan nan nan
b nan nan nan nan
d nan nan nan nan
g nan nan nan nan
t nan nan nan nan
h 4.0 4.0 4.0 4.0
c 0.0
Aa 0.0 0.0 0.0 0.0
Ab 0.0 0.0 0.0 0.0
Ad 0.0 0.0 0.0 0.0
Ag 0.0 0.0 0.0 0.0
At 0.0 0.0 0.0 0.0
as 0.0 0.0 0.0 0.0
bs 0.0 0.0 0.0 0.0
ds 0.0 0.0 0.0 0.0
gs 0.0 0.0 0.0 0.0
ts 0.0 0.0 0.0 0.0
eeg 787.945556641 768.205810547 710.631530762 876.774536133
eeg 783.010620117 741.886108398 684.311828613 797.815490723
eeg 784.655639648 820.845214844 789.590576172 797.815490723
eeg 796.170471191 873.484558105 815.91027832 797.815490723
eeg 791.235534668 820.845214844 789.590576172 771.495788574
eeg 778.075683594 820.845214844 789.590576172 876.774536133
eeg 786.300598145 794.525512695 736.951171875 903.094238281
eeg 806.040344238 741.886108398 710.631530762 797.815490723
eeg 792.880554199 873.484558105 842.229919434 797.815490723
eeg 787.945556641 873.484558105 842.229919434 797.815490723
eeg 797.815490723 847.164855957 842.229919434 876.774536133
eeg 801.105407715 794.525512695 789.590576172 929.413879395
eeg 783.010620117 768.205810547 763.270874023 824.135131836
eeg 796.170471191 853.744812012 855.389770508 799.460449219
eeg 797.815490723 853.744812012 855.389770508 799.460449219
eeg 769.850830078 748.466064453 750.111022949 773.14074707
eeg 771.495788574 748.466064453 697.471679688 852.09979248
eeg 786.300598145 748.466064453 697.471679688 904.739196777
eeg 804.395385742 695.826660156 644.832275391 799.460449219
eeg 799.460449219 801.105407715 750.111022949 799.460449219
eeg 815.91027832 801.105407715 750.111022949 799.460449219
eeg 830.715087891 748.466064453 750.111022949 878.419494629
a nan nan nan nan
b nan nan nan nan
d nan nan nan nan
g nan nan nan nan
t nan nan nan nan
h 4.0 4.0 4.0 4.0
c 0.0
Aa 0.0 0.0 0.0 0.0
Ab 0.0 0.0 0.0 0.0
Ad 0.0 0.0 0.0 0.0
Ag 0.0 0.0 0.0 0.0
At 0.0 0.0 0.0 0.0
as 0.0 0.0 0.0 0.0
bs 0.0 0.0 0.0 0.0
ds 0.0 0.0 0.0 0.0
gs 0.0 0.0 0.0 0.0
ts 0.0 0.0 0.0 0.0
eeg 820.845214844 748.466064453 697.471679688 931.058898926
eeg 817.555236816 748.466064453 697.471679688 825.780151367
eeg 825.780151367 801.105407715 802.750427246 799.460449219
eeg 838.940002441 853.744812012 855.389770508 825.780151367
eeg 827.425109863 801.105407715 802.750427246 825.780151367
eeg 810.975280762 801.105407715 802.750427246 878.419494629
eeg 834.005004883 801.105407715 802.750427246 931.058898926
eeg 843.874938965 748.466064453 750.111022949 799.460449219
eeg 807.68536377 873.484558105 881.709472656 825.780151367
eeg 812.620300293 899.804260254 908.029174805 825.780151367
eeg 814.265258789 807.68536377 855.389770508 904.739196777
eeg 829.070068359 774.785766602 802.750427246 957.378540039
eeg 809.330322266 761.625915527 776.430725098 852.09979248
eeg 814.265258789 847.164855957 855.389770508 825.780151367
eeg 842.229919434 926.123962402 908.029174805 852.09979248
eeg 840.584960938 827.425109863 829.070068359 852.09979248
eeg 809.330322266 801.105407715 802.750427246 878.419494629
eeg 814.265258789 814.265258789 802.750427246 931.058898926
eeg 822.49017334 774.785766602 750.111022949 799.460449219
eeg 814.265258789 873.484558105 855.389770508 799.460449219
eeg 827.425109863 912.964111328 855.389770508 825.780151367
eeg 835.650024414 794.525512695 776.430725098 878.419494629
a nan nan nan nan
b nan nan nan nan
d nan nan nan nan
g nan nan nan nan
t nan nan nan nan
h 4.0 4.0 4.0 4.0
c 0.0
Aa 0.0 0.0 0.0 0.0
Ab 0.0 0.0 0.0 0.0
Ad 0.0 0.0 0.0 0.0
Ag 0.0 0.0 0.0 0.0
At 0.0 0.0 0.0 0.0
as 0.0 0.0 0.0 0.0
bs 0.0 0.0 0.0 0.0
ds 0.0 0.0 0.0 0.0
gs 0.0 0.0 0.0 0.0
ts 0.0 0.0 0.0 0.0
eeg 840.584960938 774.785766602 750.111022949 931.058898926
eeg 819.200195312 774.785766602 750.111022949 825.780151367
eeg 840.584960938 880.064453125 855.389770508 825.780151367
eeg 848.809875488 932.703857422 908.029174805 904.739196777
eeg 835.650024414 827.425109863 829.070068359 931.058898926
eeg 829.070068359 827.425109863 829.070068359 983.698242188
eeg 838.940002441 827.425109863 829.070068359 1036.33764648
eeg 837.29498291 827.425109863 802.750427246 904.739196777
eeg 812.620300293 880.064453125 881.709472656 878.419494629
eeg 809.330322266 932.703857422 908.029174805 904.739196777
eeg 809.330322266 827.425109863 802.750427246 957.378540039
eeg 815.91027832 827.425109863 802.750427246 983.698242188
eeg 789.590576172 827.425109863 802.750427246 878.419494629
eeg 809.330322266 880.064453125 855.389770508 825.780151367
eeg 812.620300293 932.703857422 934.348815918 878.419494629
eeg 807.68536377 827.425109863 829.070068359 878.419494629
eeg 799.460449219 827.425109863 802.750427246 878.419494629
eeg 801.105407715 827.425109863 802.750427246 931.058898926
eeg 822.49017334 827.425109863 802.750427246 825.780151367
eeg 806.040344238 880.064453125 881.709472656 852.09979248
eeg 817.555236816 932.703857422 934.348815918 931.058898926
eeg 827.425109863 801.105407715 829.070068359 957.378540039
a nan nan nan nan
b nan nan nan nan
d nan nan nan nan
g nan nan nan nan
t nan nan nan nan
h 4.0 4.0 4.0 4.0
c 0.0
Aa 0.0 0.0 0.0 0.0
Ab 0.0 0.0 0.0 0.0
Ad 0.0 0.0 0.0 0.0
Ag 0.0 0.0 0.0 0.0
At 0.0 0.0 0.0 0.0
as 0.0 0.0 0.0 0.0
bs 0.0 0.0 0.0 0.0
ds 0.0 0.0 0.0 0.0
gs 0.0 0.0 0.0 0.0
ts 0.0 0.0 0.0 0.0
eeg 838.940002441 801.105407715 802.750427246 983.698242188
eeg 812.620300293 801.105407715 802.750427246 878.419494629
eeg 819.200195312 853.744812012 881.709472656 825.780151367
eeg 817.555236816 906.384155273 934.348815918 878.419494629
eeg 809.330322266 801.105407715 829.070068359 904.739196777
eeg 807.68536377 774.785766602 802.750427246 904.739196777
eeg 820.845214844 801.105407715 802.750427246 957.378540039
eeg 843.874938965 801.105407715 802.750427246 825.780151367
eeg 838.940002441 827.425109863 855.389770508 799.460449219
eeg 829.070068359 906.384155273 908.029174805 878.419494629
eeg 822.49017334 774.785766602 776.430725098 904.739196777
eeg 843.874938965 774.785766602 776.430725098 931.058898926
eeg 810.975280762 827.425109863 802.750427246 878.419494629
eeg 830.715087891 932.703857422 855.389770508 825.780151367
eeg 845.519897461 1037.98254395 908.029174805 878.419494629
eeg 825.780151367 985.343200684 802.750427246 878.419494629
eeg 809.330322266 932.703857422 776.430725098 878.419494629
eeg 829.070068359 985.343200684 802.750427246 931.058898926
eeg 847.164855957 985.343200684 802.750427246 825.780151367
eeg 809.330322266 985.343200684 855.389770508 825.780151367
eeg 819.200195312 1037.98254395 908.029174805 931.058898926
eeg 827.425109863 880.064453125 776.430725098 931.058898926
a nan nan nan nan
b nan nan nan nan
d nan nan nan nan
g nan nan nan nan
t nan nan nan nan
h 4.0 4.0 4.0 4.0
c 0.0
Aa 0.0 0.0 0.0 0.0
Ab 0.0 0.0 0.0 0.0
Ad 0.0 0.0 0.0 0.0
Ag 0.0 0.0 0.0 0.0
At 0.0 0.0 0.0 0.0
as 0.0 0.0 0.0 0.0
bs 0.0 0.0 0.0 0.0
ds 0.0 0.0 0.0 0.0
gs 0.0 0.0 0.0 0.0
ts 0.0 0.0 0.0 0.0
eeg 824.135131836 880.064453125 776.430725098 931.058898926
eeg 814.265258789 880.064453125 802.750427246 878.419494629
eeg 825.780151367 932.703857422 855.389770508 825.780151367
eeg 820.845214844 932.703857422 908.029174805 878.419494629
eeg 832.360046387 827.425109863 802.750427246 878.419494629
eeg 817.555236816 774.785766602 776.430725098 878.419494629
eeg 845.519897461 880.064453125 855.389770508 931.058898926
eeg 840.584960938 932.703857422 881.709472656 852.09979248
eeg 809.330322266 932.703857422 881.709472656 825.780151367
eeg 810.975280762 985.343200684 960.668518066 931.058898926
eeg 825.780151367 880.064453125 802.750427246 931.058898926
eeg 847.164855957 880.064453125 802.750427246 931.058898926
eeg 825.780151367 932.703857422 829.070068359 852.09979248
eeg 829.070068359 932.703857422 881.709472656 799.460449219
eeg 840.584960938 932.703857422 908.029174805 878.419494629
eeg 819.200195312 827.425109863 802.750427246 904.739196777
eeg 804.395385742 774.785766602 776.430725098 878.419494629
eeg 820.845214844 827.425109863 829.070068359 904.739196777
eeg 845.519897461 827.425109863 829.070068359 852.09979248
eeg 827.425109863 827.425109863 829.070068359 799.460449219
eeg 814.265258789 880.064453125 908.029174805 904.739196777
eeg 820.845214844 774.785766602 776.430725098 904.739196777
a nan nan nan nan
b nan nan nan nan
d nan nan nan nan
g nan nan nan nan
t nan nan nan nan
h 4.0 4.0 4.0 4.0
c 0.0
Aa 0.0 0.0 0.0 0.0
Ab 0.0 0.0 0.0 0.0
Ad 0.0 0.0 0.0 0.0
Ag 0.0 0.0 0.0 0.0
At 0.0 0.0 0.0 0.0
as 0.0 0.0 0.0 0.0
bs 0.0 0.0 0.0 0.0
ds 0.0 0.0 0.0 0.0
gs 0.0 0.0 0.0 0.0
ts 0.0 0.0 0.0 0.0
eeg 809.330322266 745.176086426 802.750427246 904.739196777
eeg 797.815490723 845.519897461 881.709472656 825.780151367
eeg 799.460449219 876.774536133 908.029174805 773.14074707
eeg 802.750427246 903.094238281 934.348815918 852.09979248
eeg 812.620300293 807.68536377 829.070068359 878.419494629
eeg 794.525512695 736.951171875 776.430725098 852.09979248
eeg 797.815490723 830.715087891 829.070068359 852.09979248
eeg 822.49017334 866.904663086 855.389770508 799.460449219
eeg 799.460449219 853.744812012 855.389770508 746.821105957
eeg 806.040344238 903.094238281 908.029174805 852.09979248
eeg 822.49017334 786.300598145 776.430725098 852.09979248
eeg 815.91027832 756.690979004 776.430725098 852.09979248
eeg 792.880554199 868.549621582 855.389770508 799.460449219
eeg 806.040344238 899.804260254 881.709472656 773.14074707
eeg 834.005004883 912.964111328 908.029174805 852.09979248
eeg 838.940002441 815.91027832 829.070068359 904.739196777
eeg 824.135131836 789.590576172 756.690979004 825.780151367
eeg 829.070068359 894.86932373 835.650024414 799.460449219
eeg 830.715087891 921.188964844 868.549621582 773.14074707
eeg 814.265258789 894.86932373 848.809875488 720.501403809
eeg 809.330322266 921.188964844 914.609069824 852.09979248
eeg 814.265258789 842.229919434 789.590576172 852.09979248
a nan nan nan nan
b nan nan nan nan
d nan nan nan nan
g nan nan nan nan
t nan nan nan nan
h 4.0 4.0 4.0 4.0
c 0.0
Aa 0.0 0.0 0.0 0.0
Ab 0.0 0.0 0.0 0.0
Ad 0.0 0.0 0.0 0.0
Ag 0.0 0.0 0.0 0.0
At 0.0 0.0 0.0 0.0
as 0.0 0.0 0.0 0.0
bs 0.0 0.0 0.0 0.0
ds 0.0 0.0 0.0 0.0
gs 0.0 0.0 0.0 0.0
ts 0.0 0.0 0.0 0.0
eeg 820.845214844 789.590576172 763.270874023 825.780151367
eeg 806.040344238 921.188964844 875.129516602 773.14074707
eeg 810.975280762 921.188964844 901.44921875 746.821105957
eeg 827.425109863 921.188964844 914.609069824 825.780151367
eeg 830.715087891 842.229919434 802.750427246 878.419494629
eeg 807.68536377 789.590576172 750.111022949 825.780151367
eeg 812.620300293 868.549621582 848.809875488 825.780151367
eeg 834.005004883 894.86932373 881.709472656 799.460449219
eeg 809.330322266 868.549621582 855.389770508 746.821105957
eeg 814.265258789 868.549621582 894.86932373 878.419494629
eeg 822.49017334 809.330322266 802.750427246 899.804260254
eeg 815.91027832 756.690979004 802.750427246 820.845214844
eeg 807.68536377 861.969726562 908.029174805 768.205810547
eeg 834.005004883 861.969726562 908.029174805 741.886108398
eeg 840.584960938 861.969726562 908.029174805 820.845214844
eeg 843.874938965 809.330322266 829.070068359 873.484558105
eeg 829.070068359 756.690979004 776.430725098 794.525512695
eeg 835.650024414 861.969726562 855.389770508 794.525512695
eeg 853.744812012 861.969726562 881.709472656 794.525512695
eeg 840.584960938 861.969726562 881.709472656 741.886108398
eeg 845.519897461 861.969726562 881.709472656 873.484558105
eeg 850.454833984 809.330322266 802.750427246 899.804260254
a nan nan nan nan
b nan nan nan nan
d nan nan nan nan
g nan nan nan nan
t nan nan nan nan
h 4.0 4.0 4.0 4.0
c 0.0
Aa 0.0 0.0 0.0 0.0
Ab 0.0 0.0 0.0 0.0
Ad 0.0 0.0 0.0 0.0
Ag 0.0 0.0 0.0 0.0
At 0.0 0.0 0.0 0.0
as 0.0 0.0 0.0 0.0
bs 0.0 0.0 0.0 0.0
ds 0.0 0.0 0.0 0.0
gs 0.0 0.0 0.0 0.0
ts 0.0 0.0 0.0 0.0
eeg 861.969726562 756.690979004 750.111022949 847.164855957
eeg 840.584960938 861.969726562 855.389770508 820.845214844
eeg 853.744812012 861.969726562 881.709472656 794.525512695
eeg 860.324707031 861.969726562 881.709472656 873.484558105
eeg 853.744812012 809.330322266 802.750427246 926.123962402
eeg 822.49017334 756.690979004 776.430725098 834.005004883
eeg 840.584960938 835.650024414 855.389770508 810.975280762
eeg 843.874938965 861.969726562 881.709472656 807.68536377
eeg 830.715087891 809.330322266 829.070068359 755.045959473
eeg 824.135131836 809.330322266 829.070068359 866.904663086
eeg 822.49017334 783.010620117 776.430725098 903.094238281
eeg 825.780151367 730.371276855 723.791320801 807.68536377
eeg 796.170471191 861.969726562 855.389770508 784.655639648
eeg 792.880554199 861.969726562 855.389770508 768.205810547
eeg 814.265258789 835.650024414 855.389770508 860.324707031
eeg 797.815490723 783.010620117 776.430725098 929.413879395
eeg 783.010620117 756.690979004 750.111022949 827.425109863
eeg 809.330322266 835.650024414 855.389770508 804.395385742
eeg 804.395385742 888.289367676 908.029174805 814.265258789
eeg 804.395385742 835.650024414 855.389770508 778.075683594
eeg 799.460449219 835.650024414 855.389770508 866.904663086
eeg 812.620300293 783.010620117 802.750427246 893.224304199
a nan nan nan nan
b nan nan nan nan
d nan nan nan nan
g nan nan nan nan
t nan nan nan nan
h 4.0 4.0 4.0 4.0
c 0.0
Aa 0.0 0.0 0.0 0.0
Ab 0.0 0.0 0.0 0.0
Ad 0.0 0.0 0.0 0.0
Ag 0.0 0.0 0.0 0.0
At 0.0 0.0 0.0 0.0
as 0.0 0.0 0.0 0.0
bs 0.0 0.0 0.0 0.0
ds 0.0 0.0 0.0 0.0
gs 0.0 0.0 0.0 0.0
ts 0.0 0.0 0.0 0.0
eeg 825.780151367 730.371276855 750.111022949 787.945556641
eeg 812.620300293 835.650024414 855.389770508 787.945556641
eeg 829.070068359 835.650024414 855.389770508 787.945556641
eeg 842.229919434 783.010620117 855.389770508 866.904663086
eeg 857.034729004 783.010620117 802.750427246 919.544006348
eeg 830.715087891 783.010620117 802.750427246 840.584960938
eeg 817.555236816 835.650024414 855.389770508 814.265258789
eeg 824.135131836 888.289367676 908.029174805 814.265258789
eeg 807.68536377 835.650024414 855.389770508 787.945556641
eeg 802.750427246 835.650024414 855.389770508 840.584960938
eeg 819.200195312 835.650024414 855.389770508 893.224304199
eeg 810.975280762 783.010620117 802.750427246 787.945556641
eeg 783.010620117 888.289367676 908.029174805 787.945556641
eeg 796.170471191 888.289367676 908.029174805 787.945556641
eeg 814.265258789 835.650024414 855.389770508 866.904663086
eeg 822.49017334 783.010620117 750.111022949 945.863708496
eeg 799.460449219 756.690979004 697.471679688 840.584960938
eeg 812.620300293 835.650024414 750.111022949 814.265258789
eeg 825.780151367 888.289367676 802.750427246 840.584960938
eeg 807.68536377 809.330322266 750.111022949 840.584960938
eeg 801.105407715 809.330322266 750.111022949 893.224304199
eeg 810.975280762 809.330322266 750.111022949 945.863708496
a nan nan nan nan
b nan nan nan nan
d nan nan nan nan
g nan nan nan nan
t nan nan nan nan
h 4.0 4.0 4.0 4.0
c 0.0
Aa 0.0 0.0 0.0 0.0
Ab 0.0 0.0 0.0 0.0
Ad 0.0 0.0 0.0 0.0
Ag 0.0 0.0 0.0 0.0
At 0.0 0.0 0.0 0.0
as 0.0 0.0 0.0 0.0
bs 0.0 0.0 0.0 0.0
ds 0.0 0.0 0.0 0.0
gs 0.0 0.0 0.0 0.0
ts 0.0 0.0 0.0 0.0
eeg 832.360046387 783.010620117 697.471679688 814.265258789
eeg 812.620300293 888.289367676 802.750427246 814.265258789
eeg 820.845214844 888.289367676 802.750427246 814.265258789
eeg 837.29498291 809.330322266 750.111022949 866.904663086
eeg 848.809875488 809.330322266 750.111022949 919.544006348
eeg 820.845214844 809.330322266 750.111022949 814.265258789
eeg 829.070068359 888.289367676 802.750427246 787.945556641
eeg 838.940002441 940.928771973 855.389770508 814.265258789
eeg 827.425109863 835.650024414 802.750427246 814.265258789
eeg 829.070068359 806.040344238 796.170471191 866.904663086
eeg 827.425109863 815.91027832 792.880554199 945.863708496
eeg 842.229919434 786.300598145 750.111022949 840.584960938
eeg 837.29498291 875.129516602 878.419494629 840.584960938
eeg 842.229919434 924.478942871 901.44921875 866.904663086
eeg 845.519897461 799.460449219 809.330322266 919.544006348
eeg 842.229919434 776.430725098 773.14074707 945.863708496
eeg 806.040344238 776.430725098 763.270874023 866.904663086
eeg 820.845214844 865.259643555 852.09979248 814.265258789
eeg 822.49017334 934.348815918 931.058898926 866.904663086
eeg 809.330322266 825.780151367 819.200195312 866.904663086
eeg 797.815490723 789.590576172 802.750427246 866.904663086
eeg 824.135131836 815.91027832 812.620300293 919.544006348
a nan nan nan nan
b nan nan nan nan
d nan nan nan nan
g nan nan nan nan
t nan nan nan nan
h 4.0 4.0 4.0 4.0
c 0.0
Aa 0.0 0.0 0.0 0.0
Ab 0.0 0.0 0.0 0.0
Ad 0.0 0.0 0.0 0.0
Ag 0.0 0.0 0.0 0.0
At 0.0 0.0 0.0 0.0
as 0.0 0.0 0.0 0.0
bs 0.0 0.0 0.0 0.0
ds 0.0 0.0 0.0 0.0
gs 0.0 0.0 0.0 0.0
ts 0.0 0.0 0.0 0.0
eeg 824.135131836 799.460449219 776.430725098 787.945556641
eeg 801.105407715 871.839599609 881.709472656 787.945556641
eeg 817.555236816 927.768920898 917.899047852 840.584960938
eeg 820.845214844 822.49017334 838.940002441 919.544006348
eeg 840.584960938 822.49017334 838.940002441 972.183410645
eeg 814.265258789 822.49017334 838.940002441 893.224304199
eeg 809.330322266 875.129516602 917.899047852 866.904663086
eeg 812.620300293 927.768920898 970.538391113 919.544006348
eeg 801.105407715 822.49017334 865.259643555 919.544006348
eeg 787.945556641 822.49017334 838.940002441 919.544006348
eeg 801.105407715 822.49017334 838.940002441 972.183410645
eeg 810.975280762 822.49017334 838.940002441 840.584960938
eeg 797.815490723 875.129516602 891.579345703 814.265258789
eeg 804.395385742 927.768920898 944.218688965 866.904663086
eeg 815.91027832 822.49017334 812.620300293 893.224304199
eeg 820.845214844 822.49017334 812.620300293 919.544006348
eeg 796.170471191 822.49017334 812.620300293 814.265258789
eeg 799.460449219 875.129516602 891.579345703 761.625915527
eeg 810.975280762 927.768920898 944.218688965 840.584960938
eeg 802.750427246 848.809875488 865.259643555 860.324707031
eeg 789.590576172 848.809875488 838.940002441 860.324707031
eeg 814.265258789 901.44921875 865.259643555 929.413879395
a nan nan nan nan
b nan nan nan nan
d nan nan nan nan
g nan nan nan nan
t nan nan nan nan
h 4.0 4.0 4.0 4.0
c 0.0
Aa 0.0 0.0 0.0 0.0
Ab 0.0 0.0 0.0 0.0
Ad 0.0 0.0 0.0 0.0
Ag 0.0 0.0 0.0 0.0
At 0.0 0.0 0.0 0.0
as 0.0 0.0 0.0 0.0
bs 0.0 0.0 0.0 0.0
ds 0.0 0.0 0.0 0.0
gs 0.0 0.0 0.0 0.0
ts 0.0 0.0 0.0 0.0
eeg 825.780151367 901.44921875 865.259643555 797.815490723
eeg 807.68536377 927.768920898 917.899047852 768.205810547
eeg 814.265258789 1006.72796631 970.538391113 863.614685059
eeg 829.070068359 875.129516602 838.940002441 889.934387207
eeg 834.005004883 875.129516602 838.940002441 919.544006348
eeg 815.91027832 901.44921875 838.940002441 817.555236816
eeg 824.135131836 954.088623047 891.579345703 755.045959473
eeg 830.715087891 980.40826416 944.218688965 843.874938965
eeg 832.360046387 875.129516602 838.940002441 876.774536133
eeg 817.555236816 822.49017334 812.620300293 860.324707031
eeg 835.650024414 875.129516602 838.940002441 912.964111328
eeg 848.809875488 875.129516602 838.940002441 801.105407715
eeg 835.650024414 875.129516602 865.259643555 764.91583252
eeg 830.715087891 980.40826416 970.538391113 896.514282227
eeg 835.650024414 875.129516602 917.899047852 896.514282227
eeg 843.874938965 875.129516602 970.538391113 896.514282227
eeg 806.040344238 927.768920898 970.538391113 817.555236816
eeg 809.330322266 980.40826416 1023.17779541 764.91583252
eeg 827.425109863 980.40826416 1023.17779541 843.874938965
eeg 810.975280762 875.129516602 917.899047852 870.194580078
eeg 809.330322266 822.49017334 865.259643555 843.874938965
eeg 815.91027832 875.129516602 917.899047852 870.194580078
a nan nan nan nan
b nan nan nan nan
d nan nan nan nan
g nan nan nan nan
t nan nan nan nan
h 4.0 4.0 4.0 4.0
c 0.0
Aa 0.0 0.0 0.0 0.0
Ab 0.0 0.0 0.0 0.0
Ad 0.0 0.0 0.0 0.0
Ag 0.0 0.0 0.0 0.0
At 0.0 0.0 0.0 0.0
as 0.0 0.0 0.0 0.0
bs 0.0 0.0 0.0 0.0
ds 0.0 0.0 0.0 0.0
gs 0.0 0.0 0.0 0.0
ts 0.0 0.0 0.0 0.0
eeg 817.555236816 875.129516602 917.899047852 791.235534668
eeg 810.975280762 875.129516602 917.899047852 764.91583252
eeg 794.525512695 927.768920898 970.538391113 870.194580078
eeg 801.105407715 822.49017334 812.620300293 870.194580078
eeg 807.68536377 822.49017334 812.620300293 870.194580078
eeg 802.750427246 875.129516602 812.620300293 791.235534668
eeg 827.425109863 875.129516602 865.259643555 738.596191406
eeg 797.815490723 924.478942871 931.058898926 848.809875488
eeg 794.525512695 871.839599609 852.09979248 875.129516602
eeg 787.945556641 871.839599609 825.780151367 848.809875488
eeg 799.460449219 977.118347168 904.739196777 875.129516602
eeg 809.330322266 977.118347168 904.739196777 796.170471191
eeg 778.075683594 977.118347168 904.739196777 769.850830078
eeg 781.365661621 1029.75769043 957.378540039 875.129516602
eeg 786.300598145 924.478942871 825.780151367 875.129516602
eeg 802.750427246 924.478942871 825.780151367 875.129516602
eeg 768.205810547 977.118347168 878.419494629 796.170471191
eeg 761.625915527 977.118347168 904.739196777 769.850830078
eeg 774.785766602 977.118347168 931.058898926 848.809875488
eeg 796.170471191 871.839599609 825.780151367 901.44921875
eeg 758.3359375 819.200195312 773.14074707 848.809875488
eeg 768.205810547 871.839599609 825.780151367 848.809875488
a nan nan nan nan
b nan nan nan nan
d nan nan nan nan
g nan nan nan nan
t nan nan nan nan
h 4.0 4.0 4.0 4.0
c 0.0
Aa 0.0 0.0 0.0 0.0
Ab 0.0 0.0 0.0 0.0
Ad 0.0 0.0 0.0 0.0
Ag 0.0 0.0 0.0 0.0
At 0.0 0.0 0.0 0.0
as 0.0 0.0 0.0 0.0
bs 0.0 0.0 0.0 0.0
ds 0.0 0.0 0.0 0.0
gs 0.0 0.0 0.0 0.0
ts 0.0 0.0 0.0 0.0
eeg 789.590576172 871.839599609 852.09979248 796.170471191
eeg 758.3359375 871.839599609 852.09979248 743.53112793
eeg 771.495788574 924.478942871 931.058898926 848.809875488
eeg 781.365661621 845.519897461 825.780151367 822.49017334
eeg 786.300598145 819.200195312 799.460449219 796.170471191
eeg 764.91583252 924.478942871 878.419494629 743.53112793
eeg 779.720703125 924.478942871 904.739196777 717.211425781
eeg 791.235534668 924.478942871 904.739196777 796.170471191
eeg 796.170471191 845.519897461 825.780151367 848.809875488
eeg 776.430725098 792.880554199 773.14074707 796.170471191
eeg 771.495788574 898.159240723 852.09979248 796.170471191
eeg 784.655639648 924.478942871 878.419494629 769.850830078
eeg 761.625915527 898.159240723 878.419494629 717.211425781
eeg 774.785766602 898.159240723 904.739196777 848.809875488
eeg 799.460449219 819.200195312 799.460449219 848.809875488
eeg 801.105407715 766.560852051 799.460449219 822.49017334
eeg 779.720703125 898.159240723 878.419494629 769.850830078
eeg 799.460449219 898.159240723 904.739196777 743.53112793
eeg 810.975280762 898.159240723 931.058898926 743.53112793
eeg 807.68536377 819.200195312 878.419494629 796.170471191
eeg 778.075683594 766.560852051 825.780151367 743.53112793
eeg 784.655639648 845.519897461 904.739196777 743.53112793
a nan nan nan nan
b nan nan nan nan
d nan nan nan nan
g nan nan nan nan
t nan nan nan nan
h 4.0 4.0 4.0 4.0
c 0.0
Aa 0.0 0.0 0.0 0.0
Ab 0.0 0.0 0.0 0.0
Ad 0.0 0.0 0.0 0.0
Ag 0.0 0.0 0.0 0.0
At 0.0 0.0 0.0 0.0
as 0.0 0.0 0.0 0.0
bs 0.0 0.0 0.0 0.0
ds 0.0 0.0 0.0 0.0
gs 0.0 0.0 0.0 0.0
ts 0.0 0.0 0.0 0.0
eeg 802.750427246 898.159240723 931.058898926 743.53112793
eeg 784.655639648 871.839599609 904.739196777 690.891723633
eeg 794.525512695 871.839599609 931.058898926 796.170471191
eeg 802.750427246 819.200195312 852.09979248 796.170471191
eeg 810.975280762 766.560852051 825.780151367 743.53112793
eeg 794.525512695 898.159240723 931.058898926 743.53112793
eeg 802.750427246 898.159240723 931.058898926 743.53112793
eeg 812.620300293 898.159240723 931.058898926 796.170471191
eeg 822.49017334 819.200195312 852.09979248 848.809875488
eeg 809.330322266 766.560852051 799.460449219 796.170471191
eeg 822.49017334 871.839599609 878.419494629 796.170471191
eeg 842.229919434 898.159240723 904.739196777 796.170471191
eeg 827.425109863 845.519897461 957.378540039 743.53112793
eeg 810.975280762 819.200195312 957.378540039 848.809875488
eeg 834.005004883 766.560852051 904.739196777 875.129516602
eeg 842.229919434 713.921447754 852.09979248 796.170471191
eeg 794.525512695 845.519897461 957.378540039 769.850830078
eeg 807.68536377 845.519897461 957.378540039 743.53112793
eeg 815.91027832 819.200195312 957.378540039 822.49017334
eeg 815.91027832 766.560852051 904.739196777 875.129516602
eeg 809.330322266 740.241149902 852.09979248 796.170471191
eeg 819.200195312 845.519897461 957.378540039 796.170471191
a nan nan nan nan
b nan nan nan nan
d nan nan nan nan
g nan nan nan nan
t nan nan nan nan
h 4.0 4.0 4.0 4.0
c 0.0
Aa 0.0 0.0 0.0 0.0
Ab 0.0 0.0 0.0 0.0
Ad 0.0 0.0 0.0 0.0
Ag 0.0 0.0 0.0 0.0
At 0.0 0.0 0.0 0.0
as 0.0 0.0 0.0 0.0
bs 0.0 0.0 0.0 0.0
ds 0.0 0.0 0.0 0.0
gs 0.0 0.0 0.0 0.0
ts 0.0 0.0 0.0 0.0
eeg 825.780151367 898.159240723 957.378540039 796.170471191
eeg 797.815490723 845.519897461 904.739196777 769.850830078
eeg 791.235534668 845.519897461 904.739196777 875.129516602
eeg 796.170471191 819.200195312 852.09979248 901.44921875
eeg 802.750427246 766.560852051 799.460449219 796.170471191
eeg 779.720703125 898.159240723 904.739196777 796.170471191
eeg 792.880554199 871.839599609 878.419494629 796.170471191
eeg 797.815490723 819.200195312 852.09979248 875.129516602
eeg 814.265258789 740.241149902 746.821105957 927.768920898
eeg 797.815490723 713.921447754 720.501403809 822.49017334
eeg 804.395385742 792.880554199 799.460449219 796.170471191
eeg 812.620300293 845.519897461 852.09979248 796.170471191
eeg 806.040344238 792.880554199 799.460449219 769.850830078
eeg 802.750427246 792.880554199 799.460449219 848.809875488
eeg 820.845214844 792.880554199 773.14074707 901.44921875
eeg 852.09979248 740.241149902 720.501403809 796.170471191
eeg 837.29498291 871.839599609 852.09979248 796.170471191
eeg 814.265258789 898.159240723 878.419494629 796.170471191
eeg 822.49017334 845.519897461 852.09979248 875.129516602
eeg 825.780151367 792.880554199 799.460449219 927.768920898
eeg 797.815490723 766.560852051 773.14074707 822.49017334
eeg 822.49017334 871.839599609 852.09979248 796.170471191
a nan nan nan nan
b nan nan nan nan
d nan nan nan nan
g nan nan nan nan
t nan nan nan nan
h 4.0 4.0 4.0 4.0
c 0.0
Aa 0.0 0.0 0.0 0.0
Ab 0.0 0.0 0.0 0.0
Ad 0.0 0.0 0.0 0.0
Ag 0.0 0.0 0.0 0.0
At 0.0 0.0 0.0 0.0
as 0.0 0.0 0.0 0.0
bs 0.0 0.0 0.0 0.0
ds 0.0 0.0 0.0 0.0
gs 0.0 0.0 0.0 0.0
ts 0.0 0.0 0.0 0.0
eeg 825.780151367 898.159240723 852.09979248 796.170471191
eeg 810.975280762 792.880554199 746.821105957 796.170471191
eeg 814.265258789 792.880554199 746.821105957 848.809875488
eeg 824.135131836 792.880554199 746.821105957 901.44921875
eeg 817.555236816 740.241149902 694.18170166 796.170471191
eeg 809.330322266 845.519897461 799.460449219 796.170471191
eeg 829.070068359 871.839599609 799.460449219 796.170471191
eeg 830.715087891 792.880554199 746.821105957 848.809875488
eeg 827.425109863 766.560852051 746.821105957 901.44921875
eeg 827.425109863 766.560852051 746.821105957 796.170471191
eeg 842.229919434 845.519897461 799.460449219 796.170471191
eeg 853.744812012 898.159240723 852.09979248 796.170471191
eeg 838.940002441 819.200195312 799.460449219 796.170471191
eeg 825.780151367 792.880554199 799.460449219 848.809875488
eeg 845.519897461 792.880554199 799.460449219 901.44921875
eeg 853.744812012 766.560852051 746.821105957 796.170471191
eeg 824.135131836 880.064453125 852.09979248 822.49017334
eeg 819.200195312 914.609069824 852.09979248 875.129516602
eeg 824.135131836 799.460449219 799.460449219 927.768920898
eeg 838.940002441 779.720703125 773.14074707 954.088623047
eeg 814.265258789 771.495788574 773.14074707 848.809875488
eeg 825.780151367 860.324707031 852.09979248 822.49017334
a nan nan nan nan
b nan nan nan nan
d nan nan nan nan
g nan nan nan nan
t nan nan nan nan
h 4.0 4.0 4.0 4.0
c 0.0
Aa 0.0 0.0 0.0 0.0
Ab 0.0 0.0 0.0 0.0
Ad 0.0 0.0 0.0 0.0
Ag 0.0 0.0 0.0 0.0
At 0.0 0.0 0.0 0.0
as 0.0 0.0 0.0 0.0
bs 0.0 0.0 0.0 0.0
ds 0.0 0.0 0.0 0.0
gs 0.0 0.0 0.0 0.0
ts 0.0 0.0 0.0 0.0
eeg 842.229919434 935.993835449 904.739196777 875.129516602
eeg 829.070068359 827.425109863 825.780151367 875.129516602
eeg 832.360046387 794.525512695 825.780151367 901.44921875
eeg 843.874938965 815.91027832 825.780151367 954.088623047
eeg 853.744812012 787.945556641 773.14074707 822.49017334
eeg 824.135131836 871.839599609 878.419494629 822.49017334
eeg 822.49017334 924.478942871 878.419494629 848.809875488
eeg 845.519897461 792.880554199 799.460449219 901.44921875
eeg 835.650024414 774.785766602 773.14074707 927.768920898
eeg 825.780151367 781.365661621 773.14074707 822.49017334
eeg 834.005004883 886.64440918 825.780151367 796.170471191
eeg 837.29498291 939.283752441 878.419494629 875.129516602
eeg 834.005004883 834.005004883 773.14074707 901.44921875
eeg 827.425109863 834.005004883 773.14074707 927.768920898
eeg 825.780151367 834.005004883 773.14074707 980.40826416
eeg 838.940002441 834.005004883 773.14074707 848.809875488
eeg 824.135131836 886.64440918 825.780151367 848.809875488
eeg 804.395385742 939.283752441 878.419494629 901.44921875
eeg 815.91027832 834.005004883 773.14074707 927.768920898
eeg 835.650024414 834.005004883 773.14074707 954.088623047
eeg 797.815490723 834.005004883 773.14074707 848.809875488
eeg 819.200195312 886.64440918 825.780151367 796.170471191
a nan nan nan nan
b nan nan nan nan
d nan nan nan nan
g nan nan nan nan
t nan nan nan nan
h 4.0 4.0 4.0 4.0
c 0.0
Aa 0.0 0.0 0.0 0.0
Ab 0.0 0.0 0.0 0.0
Ad 0.0 0.0 0.0 0.0
Ag 0.0 0.0 0.0 0.0
At 0.0 0.0 0.0 0.0
as 0.0 0.0 0.0 0.0
bs 0.0 0.0 0.0 0.0
ds 0.0 0.0 0.0 0.0
gs 0.0 0.0 0.0 0.0
ts 0.0 0.0 0.0 0.0
eeg 829.070068359 939.283752441 878.419494629 875.129516602
eeg 802.750427246 834.005004883 825.780151367 875.129516602
eeg 802.750427246 834.005004883 825.780151367 875.129516602
eeg 812.620300293 834.005004883 825.780151367 927.768920898
eeg 820.845214844 819.200195312 797.815490723 796.170471191
eeg 801.105407715 871.839599609 870.194580078 766.560852051
eeg 804.395385742 924.478942871 922.833984375 848.809875488
eeg 812.620300293 792.880554199 778.075683594 881.709472656
eeg 806.040344238 792.880554199 778.075683594 917.899047852
eeg 784.655639648 819.200195312 784.655639648 812.620300293
eeg 794.525512695 871.839599609 863.614685059 753.401000977
eeg 815.91027832 924.478942871 929.413879395 835.650024414
eeg 809.330322266 819.200195312 810.975280762 865.259643555
eeg 799.460449219 792.880554199 778.075683594 855.389770508
eeg 820.845214844 819.200195312 817.555236816 921.188964844
eeg 835.650024414 819.200195312 810.975280762 799.460449219
eeg 830.715087891 845.519897461 850.454833984 763.270874023
eeg 819.200195312 924.478942871 935.993835449 871.839599609
eeg 834.005004883 792.880554199 784.655639648 888.289367676
eeg 842.229919434 792.880554199 784.655639648 914.609069824
eeg 806.040344238 819.200195312 804.395385742 812.620300293
eeg 814.265258789 924.478942871 883.354431152 759.980895996
a nan nan nan nan
b nan nan nan nan
d nan nan nan nan
g nan nan nan nan
t nan nan nan nan
h 4.0 4.0 4.0 4.0
c 0.0
Aa 0.0 0.0 0.0 0.0
Ab 0.0 0.0 0.0 0.0
Ad 0.0 0.0 0.0 0.0
Ag 0.0 0.0 0.0 0.0
At 0.0 0.0 0.0 0.0
as 0.0 0.0 0.0 0.0
bs 0.0 0.0 0.0 0.0
ds 0.0 0.0 0.0 0.0
gs 0.0 0.0 0.0 0.0
ts 0.0 0.0 0.0 0.0
eeg 822.49017334 977.118347168 935.993835449 852.09979248
eeg 822.49017334 871.839599609 830.715087891 884.999450684
eeg 807.68536377 819.200195312 804.395385742 871.839599609
eeg 820.845214844 871.839599609 830.715087891 911.319091797
eeg 830.715087891 871.839599609 830.715087891 812.620300293
eeg 812.620300293 871.839599609 857.034729004 773.14074707
eeg 807.68536377 924.478942871 935.993835449 884.999450684
eeg 824.135131836 819.200195312 804.395385742 898.159240723
eeg 830.715087891 819.200195312 804.395385742 911.319091797
eeg 807.68536377 871.839599609 830.715087891 819.200195312
eeg 820.845214844 871.839599609 883.354431152 759.980895996
eeg 815.91027832 871.839599609 935.993835449 858.679748535
eeg 815.91027832 819.200195312 830.715087891 891.579345703
eeg 799.460449219 766.560852051 778.075683594 858.679748535
eeg 817.555236816 819.200195312 830.715087891 891.579345703
eeg 834.005004883 843.874938965 857.034729004 838.940002441
eeg 820.845214844 845.519897461 883.354431152 786.300598145
eeg 832.360046387 917.899047852 962.313476562 891.579345703
eeg 840.584960938 783.010620117 830.715087891 891.579345703
eeg 848.809875488 766.560852051 830.715087891 891.579345703
eeg 809.330322266 848.809875488 857.034729004 812.620300293
eeg 824.135131836 884.999450684 909.674133301 759.980895996
a nan nan nan nan
b nan nan nan nan
d nan nan nan nan
g nan nan nan nan
t nan nan nan nan
h 4.0 4.0 4.0 4.0
c 0.0
Aa 0.0 0.0 0.0 0.0
Ab 0.0 0.0 0.0 0.0
Ad 0.0 0.0 0.0 0.0
Ag 0.0 0.0 0.0 0.0
At 0.0 0.0 0.0 0.0
as 0.0 0.0 0.0 0.0
bs 0.0 0.0 0.0 0.0
ds 0.0 0.0 0.0 0.0
gs 0.0 0.0 0.0 0.0
ts 0.0 0.0 0.0 0.0
eeg 838.940002441 914.609069824 935.993835449 838.940002441
eeg 829.070068359 814.265258789 830.715087891 865.259643555
eeg 814.265258789 748.466064453 778.075683594 838.940002441
eeg 843.874938965 838.940002441 830.715087891 838.940002441
eeg 848.809875488 871.839599609 830.715087891 786.300598145
eeg 804.395385742 853.744812012 830.715087891 733.661254883
eeg 810.975280762 916.25402832 909.674133301 865.259643555
eeg 812.620300293 792.880554199 778.075683594 865.259643555
eeg 827.425109863 764.91583252 778.075683594 865.259643555
eeg 797.815490723 870.194580078 883.354431152 812.620300293
eeg 784.655639648 870.194580078 883.354431152 812.620300293
eeg 806.040344238 870.194580078 883.354431152 917.899047852
eeg 809.330322266 764.91583252 778.075683594 917.899047852
eeg 797.815490723 712.276489258 725.436340332 865.259643555
eeg 810.975280762 817.555236816 778.075683594 865.259643555
eeg 807.68536377 843.874938965 778.075683594 812.620300293
eeg 794.525512695 843.874938965 778.075683594 759.980895996
eeg 801.105407715 870.194580078 830.715087891 865.259643555
eeg 804.395385742 791.235534668 725.436340332 865.259643555
eeg 817.555236816 764.91583252 725.436340332 865.259643555
eeg 807.68536377 870.194580078 830.715087891 812.620300293
eeg 806.040344238 870.194580078 830.715087891 812.620300293
a nan nan nan nan
b nan nan nan nan
d nan nan nan nan
g nan nan nan nan
t nan nan nan nan
h 4.0 4.0 4.0 4.0
c 0.0
Aa 0.0 0.0 0.0 0.0
Ab 0.0 0.0 0.0 0.0
Ad 0.0 0.0 0.0 0.0
Ag 0.0 0.0 0.0 0.0
At 0.0 0.0 0.0 0.0
as 0.0 0.0 0.0 0.0
bs 0.0 0.0 0.0 0.0
ds 0.0 0.0 0.0 0.0
gs 0.0 0.0 0.0 0.0
ts 0.0 0.0 0.0 0.0
eeg 810.975280762 870.194580078 830.715087891 865.259643555
eeg 814.265258789 791.235534668 778.075683594 917.899047852
eeg 797.815490723 738.596191406 725.436340332 865.259643555
eeg 796.170471191 843.874938965 830.715087891 838.940002441
eeg 799.460449219 870.194580078 863.614685059 786.300598145
eeg 792.880554199 843.874938965 857.034729004 707.341552734
eeg 787.945556641 843.874938965 896.514282227 838.940002441
eeg 794.525512695 791.235534668 784.655639648 838.940002441
eeg 812.620300293 738.596191406 758.3359375 812.620300293
eeg 789.590576172 870.194580078 870.194580078 759.980895996
eeg 806.040344238 870.194580078 889.934387207 733.661254883
eeg 819.200195312 870.194580078 903.094238281 812.620300293
eeg 796.170471191 791.235534668 804.395385742 865.259643555
eeg 791.235534668 738.596191406 745.176086426 786.300598145
eeg 807.68536377 843.874938965 850.454833984 786.300598145
eeg 819.200195312 870.194580078 883.354431152 786.300598145
eeg 804.395385742 843.874938965 843.874938965 733.661254883
eeg 802.750427246 843.874938965 883.354431152 865.259643555
eeg 812.620300293 791.235534668 804.395385742 891.579345703
eeg 834.005004883 712.276489258 751.75604248 786.300598145
eeg 812.620300293 817.555236816 883.354431152 786.300598145
eeg 824.135131836 817.555236816 883.354431152 786.300598145
a nan nan nan nan
b nan nan nan nan
d nan nan nan nan
g nan nan nan nan
t nan nan nan nan
h 4.0 4.0 4.0 4.0
c 0.0
Aa 0.0 0.0 0.0 0.0
Ab 0.0 0.0 0.0 0.0
Ad 0.0 0.0 0.0 0.0
Ag 0.0 0.0 0.0 0.0
At 0.0 0.0 0.0 0.0
as 0.0 0.0 0.0 0.0
bs 0.0 0.0 0.0 0.0
ds 0.0 0.0 0.0 0.0
gs 0.0 0.0 0.0 0.0
ts 0.0 0.0 0.0 0.0
eeg 840.584960938 817.555236816 883.354431152 838.940002441
eeg 842.229919434 764.91583252 804.395385742 891.579345703
eeg 827.425109863 738.596191406 751.75604248 838.940002441
eeg 819.200195312 843.874938965 857.034729004 838.940002441
eeg 842.229919434 870.194580078 883.354431152 838.940002441
eeg 834.005004883 817.555236816 857.034729004 786.300598145
eeg 820.845214844 817.555236816 857.034729004 891.579345703
eeg 840.584960938 791.235534668 804.395385742 891.579345703
eeg 842.229919434 738.596191406 751.75604248 838.940002441
eeg 801.105407715 870.194580078 883.354431152 838.940002441
eeg 817.555236816 870.194580078 883.354431152 838.940002441
eeg 807.68536377 843.874938965 883.354431152 891.579345703
eeg 810.975280762 791.235534668 804.395385742 944.218688965
eeg 797.815490723 791.235534668 751.75604248 865.259643555
eeg 814.265258789 843.874938965 857.034729004 865.259643555
eeg 819.200195312 896.514282227 857.034729004 865.259643555
eeg 802.750427246 843.874938965 804.395385742 838.940002441
eeg 799.460449219 843.874938965 804.395385742 917.899047852
eeg 806.040344238 843.874938965 751.75604248 944.218688965
eeg 819.200195312 791.235534668 699.116638184 838.940002441
eeg 801.105407715 896.514282227 804.395385742 838.940002441
eeg 806.040344238 896.514282227 804.395385742 838.940002441
a nan nan nan nan
b nan nan nan nan
d nan nan nan nan
g nan nan nan nan
t nan nan nan nan
h 4.0 4.0 4.0 4.0
c 0.0
Aa 0.0 0.0 0.0 0.0
Ab 0.0 0.0 0.0 0.0
Ad 0.0 0.0 0.0 0.0
Ag 0.0 0.0 0.0 0.0
At 0.0 0.0 0.0 0.0
as 0.0 0.0 0.0 0.0
bs 0.0 0.0 0.0 0.0
ds 0.0 0.0 0.0 0.0
gs 0.0 0.0 0.0 0.0
ts 0.0 0.0 0.0 0.0
eeg 815.91027832 843.874938965 804.395385742 917.899047852
eeg 829.070068359 791.235534668 751.75604248 970.538391113
eeg 799.460449219 791.235534668 751.75604248 865.259643555
eeg 819.200195312 843.874938965 857.034729004 838.940002441
eeg 829.070068359 896.514282227 909.674133301 838.940002441
eeg 792.880554199 843.874938965 857.034729004 812.620300293
eeg 778.075683594 843.874938965 857.034729004 865.259643555
eeg 791.235534668 817.555236816 804.395385742 917.899047852
eeg 812.620300293 738.596191406 751.75604248 812.620300293
eeg 804.395385742 870.194580078 857.034729004 812.620300293
eeg 806.040344238 870.194580078 857.034729004 812.620300293
eeg 824.135131836 817.555236816 857.034729004 865.259643555
eeg 822.49017334 791.235534668 804.395385742 917.899047852
eeg 806.040344238 791.235534668 804.395385742 812.620300293
eeg 825.780151367 870.194580078 857.034729004 812.620300293
eeg 838.940002441 922.833984375 909.674133301 812.620300293
eeg 845.519897461 843.874938965 857.034729004 812.620300293
eeg 814.265258789 817.555236816 857.034729004 865.259643555
eeg 830.715087891 817.555236816 857.034729004 917.899047852
eeg 842.229919434 764.91583252 804.395385742 812.620300293
eeg 802.750427246 870.194580078 909.674133301 812.620300293
eeg 810.975280762 896.514282227 909.674133301 812.620300293
a nan nan nan nan
b nan nan nan nan
d nan nan nan nan
g nan nan nan nan
t nan nan nan nan
h 4.0 4.0 4.0 4.0
c 0.0
Aa 0.0 0.0 0.0 0.0
Ab 0.0 0.0 0.0 0.0
Ad 0.0 0.0 0.0 0.0
Ag 0.0 0.0 0.0 0.0
At 0.0 0.0 0.0 0.0
as 0.0 0.0 0.0 0.0
bs 0.0 0.0 0.0 0.0
ds 0.0 0.0 0.0 0.0
gs 0.0 0.0 0.0 0.0
ts 0.0 0.0 0.0 0.0
eeg 814.265258789 817.555236816 857.034729004 865.259643555
eeg 819.200195312 784.655639648 794.525512695 932.703857422
eeg 796.170471191 784.655639648 741.886108398 827.425109863
eeg 810.975280762 863.614685059 794.525512695 801.105407715
eeg 807.68536377 916.25402832 847.164855957 827.425109863
eeg 796.170471191 810.975280762 794.525512695 827.425109863
eeg 801.105407715 810.975280762 794.525512695 853.744812012
eeg 807.68536377 810.975280762 794.525512695 906.384155273
eeg 802.750427246 784.655639648 741.886108398 774.785766602
eeg 776.430725098 863.614685059 847.164855957 774.785766602
eeg 794.525512695 889.934387207 847.164855957 801.105407715
eeg 792.880554199 784.655639648 794.525512695 853.744812012
eeg 810.975280762 784.655639648 794.525512695 906.384155273
eeg 797.815490723 784.655639648 794.525512695 801.105407715
eeg 806.040344238 863.614685059 847.164855957 774.785766602
eeg 817.555236816 916.25402832 899.804260254 827.425109863
eeg 812.620300293 810.975280762 794.525512695 827.425109863
eeg 809.330322266 784.655639648 794.525512695 853.744812012
eeg 834.005004883 810.975280762 794.525512695 959.02355957
eeg 845.519897461 810.975280762 768.205810547 906.384155273
eeg 824.135131836 863.614685059 873.484558105 959.02355957
eeg 812.620300293 916.25402832 899.804260254 959.02355957
a nan nan nan nan
b nan nan nan nan
d nan nan nan nan
g nan nan nan nan
t nan nan nan nan
h 4.0 4.0 4.0 4.0
c 0.0
Aa 0.0 0.0 0.0 0.0
Ab 0.0 0.0 0.0 0.0
Ad 0.0 0.0 0.0 0.0
Ag 0.0 0.0 0.0 0.0
At 0.0 0.0 0.0 0.0
as 0.0 0.0 0.0 0.0
bs 0.0 0.0 0.0 0.0
ds 0.0 0.0 0.0 0.0
gs 0.0 0.0 0.0 0.0
ts 0.0 0.0 0.0 0.0
eeg 835.650024414 784.655639648 794.525512695 1011.66290283
eeg 853.744812012 784.655639648 794.525512695 1011.66290283
eeg 820.845214844 784.655639648 794.525512695 906.384155273
eeg 837.29498291 863.614685059 873.484558105 853.744812012
eeg 838.940002441 916.25402832 926.123962402 906.384155273
eeg 829.070068359 810.975280762 820.845214844 906.384155273
eeg 815.91027832 784.655639648 794.525512695 906.384155273
eeg 806.040344238 810.975280762 794.525512695 959.02355957
eeg 809.330322266 810.975280762 794.525512695 853.744812012
eeg 787.945556641 863.614685059 873.484558105 853.744812012
eeg 797.815490723 916.25402832 899.804260254 906.384155273
eeg 807.68536377 784.655639648 794.525512695 906.384155273
eeg 819.200195312 810.975280762 820.845214844 959.02355957
eeg 806.040344238 837.29498291 820.845214844 906.384155273
eeg 809.330322266 916.25402832 899.804260254 853.744812012
eeg 817.555236816 968.893432617 952.443603516 906.384155273
eeg 814.265258789 863.614685059 847.164855957 906.384155273
eeg 797.815490723 837.29498291 820.845214844 906.384155273
eeg 824.135131836 863.614685059 820.845214844 959.02355957
eeg 829.070068359 863.614685059 820.845214844 853.744812012
eeg 797.815490723 889.934387207 873.484558105 853.744812012
eeg 812.620300293 942.573730469 926.123962402 906.384155273
a nan nan nan nan
b nan nan nan nan
d nan nan nan nan
g nan nan nan nan
t nan nan nan nan
h 4.0 4.0 4.0 4.0
c 0.0
Aa 0.0 0.0 0.0 0.0
Ab 0.0 0.0 0.0 0.0
Ad 0.0 0.0 0.0 0.0
Ag 0.0 0.0 0.0 0.0
At 0.0 0.0 0.0 0.0
as 0.0 0.0 0.0 0.0
bs 0.0 0.0 0.0 0.0
ds 0.0 0.0 0.0 0.0
gs 0.0 0.0 0.0 0.0
ts 0.0 0.0 0.0 0.0
eeg 820.845214844 810.975280762 794.525512695 906.384155273
eeg 820.845214844 810.975280762 794.525512695 906.384155273
eeg 794.525512695 837.29498291 794.525512695 853.744812012
eeg 801.105407715 889.934387207 873.484558105 801.105407715
eeg 810.975280762 916.25402832 926.123962402 853.744812012
eeg 806.040344238 810.975280762 820.845214844 853.744812012
eeg 791.235534668 810.975280762 787.945556641 880.064453125
eeg 799.460449219 916.25402832 834.005004883 959.02355957
eeg 809.330322266 968.893432617 827.425109863 853.744812012
eeg 794.525512695 1021.53277588 866.904663086 827.425109863
eeg 806.040344238 1074.17211914 939.283752441 932.703857422
eeg 810.975280762 916.25402832 787.945556641 932.703857422
eeg 820.845214844 916.25402832 781.365661621 932.703857422
eeg 797.815490723 916.25402832 814.265258789 827.425109863
eeg 802.750427246 968.893432617 886.64440918 774.785766602
eeg 819.200195312 968.893432617 932.703857422 853.744812012
eeg 819.200195312 863.614685059 820.845214844 880.064453125
eeg 799.460449219 810.975280762 774.785766602 853.744812012
eeg 804.395385742 863.614685059 814.265258789 880.064453125
eeg 819.200195312 863.614685059 834.005004883 801.105407715
eeg 809.330322266 863.614685059 866.904663086 774.785766602
eeg 815.91027832 916.25402832 932.703857422 880.064453125
a nan nan nan nan
b nan nan nan nan
d nan nan nan nan
g nan nan nan nan
t nan nan nan nan
h 4.0 4.0 4.0 4.0
c 0.0
Aa 0.0 0.0 0.0 0.0
Ab 0.0 0.0 0.0 0.0
Ad 0.0 0.0 0.0 0.0
Ag 0.0 0.0 0.0 0.0
At 0.0 0.0 0.0 0.0
as 0.0 0.0 0.0 0.0
bs 0.0 0.0 0.0 0.0
ds 0.0 0.0 0.0 0.0
gs 0.0 0.0 0.0 0.0
ts 0.0 0.0 0.0 0.0
eeg 814.265258789 810.975280762 827.425109863 906.384155273
eeg 814.265258789 837.29498291 853.744812012 932.703857422
eeg 789.590576172 889.934387207 880.064453125 853.744812012
eeg 812.620300293 916.25402832 932.703857422 801.105407715
eeg 824.135131836 942.573730469 959.02355957 880.064453125
eeg 810.975280762 837.29498291 853.744812012 906.384155273
eeg 796.170471191 784.655639648 827.425109863 880.064453125
eeg 807.68536377 863.614685059 880.064453125 906.384155273
eeg 829.070068359 889.934387207 880.064453125 827.425109863
eeg 804.395385742 889.934387207 880.064453125 801.105407715
eeg 791.235534668 942.573730469 932.703857422 906.384155273
eeg 812.620300293 837.29498291 801.105407715 906.384155273
eeg 832.360046387 810.975280762 801.105407715 906.384155273
eeg 817.555236816 889.934387207 853.744812012 827.425109863
eeg 815.91027832 916.25402832 906.384155273 774.785766602
eeg 820.845214844 916.25402832 932.703857422 853.744812012
eeg 820.845214844 863.614685059 880.064453125 853.744812012
eeg 815.91027832 810.975280762 880.064453125 801.105407715
eeg 824.135131836 889.934387207 932.703857422 801.105407715
eeg 827.425109863 916.25402832 932.703857422 748.466064453
eeg 806.040344238 916.25402832 932.703857422 695.826660156
eeg 809.330322266 942.573730469 985.343200684 827.425109863
a nan nan nan nan
b nan nan nan nan
d nan nan nan nan
g nan nan nan nan
t nan nan nan nan
h 4.0 4.0 4.0 4.0
c 0.0
Aa 0.0 0.0 0.0 0.0
Ab 0.0 0.0 0.0 0.0
Ad 0.0 0.0 0.0 0.0
Ag 0.0 0.0 0.0 0.0
At 0.0 0.0 0.0 0.0
as 0.0 0.0 0.0 0.0
bs 0.0 0.0 0.0 0.0
ds 0.0 0.0 0.0 0.0
gs 0.0 0.0 0.0 0.0
ts 0.0 0.0 0.0 0.0
eeg 812.620300293 837.29498291 880.064453125 827.425109863
eeg 812.620300293 810.975280762 880.064453125 827.425109863
eeg 796.170471191 916.25402832 932.703857422 774.785766602
eeg 797.815490723 916.25402832 932.703857422 748.466064453
eeg 817.555236816 916.25402832 932.703857422 827.425109863
eeg 824.135131836 837.29498291 880.064453125 880.064453125
eeg 802.750427246 784.655639648 827.425109863 827.425109863
eeg 814.265258789 863.614685059 880.064453125 827.425109863
eeg 832.360046387 889.934387207 880.064453125 801.105407715
eeg 812.620300293 863.614685059 880.064453125 748.466064453
eeg 806.040344238 916.25402832 932.703857422 853.744812012
eeg 825.780151367 837.29498291 827.425109863 827.425109863
eeg 829.070068359 784.655639648 801.105407715 801.105407715
eeg 809.330322266 916.25402832 906.384155273 748.466064453
eeg 815.91027832 916.25402832 906.384155273 722.146362305
eeg 830.715087891 916.25402832 906.384155273 801.105407715
eeg 822.49017334 837.29498291 801.105407715 853.744812012
eeg 806.040344238 784.655639648 748.466064453 801.105407715
eeg 830.715087891 863.614685059 827.425109863 801.105407715
eeg 835.650024414 889.934387207 853.744812012 774.785766602
eeg 829.070068359 863.614685059 853.744812012 722.146362305
eeg 822.49017334 863.614685059 880.064453125 853.744812012
a nan nan nan nan
b nan nan nan nan
d nan nan nan nan
g nan nan nan nan
t nan nan nan nan
h 4.0 4.0 4.0 4.0
c 0.0
Aa 0.0 0.0 0.0 0.0
Ab 0.0 0.0 0.0 0.0
Ad 0.0 0.0 0.0 0.0
Ag 0.0 0.0 0.0 0.0
At 0.0 0.0 0.0 0.0
as 0.0 0.0 0.0 0.0
bs 0.0 0.0 0.0 0.0
ds 0.0 0.0 0.0 0.0
gs 0.0 0.0 0.0 0.0
ts 0.0 0.0 0.0 0.0
eeg 822.49017334 810.975280762 801.105407715 853.744812012
eeg 827.425109863 758.3359375 774.785766602 801.105407715
eeg 806.040344238 889.934387207 880.064453125 774.785766602
eeg 824.135131836 889.934387207 880.064453125 748.466064453
eeg 834.005004883 863.614685059 880.064453125 748.466064453
eeg 838.940002441 784.655639648 827.425109863 801.105407715
eeg 812.620300293 705.696594238 774.785766602 748.466064453
eeg 801.105407715 810.975280762 880.064453125 748.466064453
eeg 817.555236816 837.29498291 880.064453125 748.466064453
eeg 799.460449219 810.975280762 880.064453125 695.826660156
eeg 802.750427246 810.975280762 880.064453125 801.105407715
eeg 820.845214844 758.3359375 827.425109863 801.105407715
eeg 812.620300293 705.696594238 774.785766602 748.466064453
eeg 794.525512695 837.29498291 880.064453125 748.466064453
eeg 796.170471191 837.29498291 880.064453125 748.466064453
eeg 804.395385742 837.29498291 880.064453125 801.105407715
eeg 819.200195312 784.655639648 827.425109863 853.744812012
eeg 806.040344238 758.3359375 774.785766602 801.105407715
eeg 819.200195312 863.614685059 827.425109863 801.105407715
eeg 820.845214844 916.25402832 880.064453125 801.105407715
eeg 814.265258789 852.09979248 852.09979248 758.3359375
eeg 802.750427246 845.519897461 852.09979248 870.194580078
a nan nan nan nan
b nan nan nan nan
d nan nan nan nan
g nan nan nan nan
t nan nan nan nan
h 4.0 4.0 4.0 4.0
c 0.0
Aa 0.0 0.0 0.0 0.0
Ab 0.0 0.0 0.0 0.0
Ad 0.0 0.0 0.0 0.0
Ag 0.0 0.0 0.0 0.0
At 0.0 0.0 0.0 0.0
as 0.0 0.0 0.0 0.0
bs 0.0 0.0 0.0 0.0
ds 0.0 0.0 0.0 0.0
gs 0.0 0.0 0.0 0.0
ts 0.0 0.0 0.0 0.0
eeg 802.750427246 806.040344238 799.460449219 909.674133301
eeg 820.845214844 733.661254883 746.821105957 810.975280762
eeg 797.815490723 878.419494629 852.09979248 791.235534668
eeg 801.105407715 884.999450684 878.419494629 771.495788574
eeg 835.650024414 845.519897461 878.419494629 863.614685059
eeg 835.650024414 786.300598145 825.780151367 929.413879395
eeg 820.845214844 746.821105957 773.14074707 830.715087891
eeg 824.135131836 845.519897461 878.419494629 804.395385742
eeg 825.780151367 904.739196777 904.739196777 810.975280762
eeg 819.200195312 838.940002441 852.09979248 771.495788574
eeg 801.105407715 832.360046387 852.09979248 863.614685059
eeg 815.91027832 812.620300293 825.780151367 909.674133301
eeg 832.360046387 740.241149902 773.14074707 791.235534668
eeg 801.105407715 891.579345703 904.739196777 778.075683594
eeg 822.49017334 898.159240723 904.739196777 771.495788574
eeg 843.874938965 819.200195312 852.09979248 876.774536133
eeg 837.29498291 766.560852051 773.14074707 929.413879395
eeg 797.815490723 740.241149902 720.501403809 824.135131836
eeg 824.135131836 819.200195312 825.780151367 824.135131836
eeg 830.715087891 871.839599609 878.419494629 824.135131836
eeg 815.91027832 792.880554199 825.780151367 824.135131836
eeg 822.49017334 792.880554199 825.780151367 876.774536133
a nan nan nan nan
b nan nan nan nan
d nan nan nan nan
g nan nan nan nan
t nan nan nan nan
h 4.0 4.0 4.0 4.0
c 0.0
Aa 0.0 0.0 0.0 0.0
Ab 0.0 0.0 0.0 0.0
Ad 0.0 0.0 0.0 0.0
Ag 0.0 0.0 0.0 0.0
At 0.0 0.0 0.0 0.0
as 0.0 0.0 0.0 0.0
bs 0.0 0.0 0.0 0.0
ds 0.0 0.0 0.0 0.0
gs 0.0 0.0 0.0 0.0
ts 0.0 0.0 0.0 0.0
eeg 824.135131836 792.880554199 799.460449219 929.413879395
eeg 837.29498291 740.241149902 746.821105957 824.135131836
eeg 796.170471191 845.519897461 878.419494629 824.135131836
eeg 802.750427246 871.839599609 878.419494629 824.135131836
eeg 825.780151367 819.200195312 852.09979248 876.774536133
eeg 822.49017334 792.880554199 825.780151367 929.413879395
eeg 807.68536377 792.880554199 799.460449219 824.135131836
eeg 817.555236816 871.839599609 878.419494629 824.135131836
eeg 809.330322266 924.478942871 931.058898926 824.135131836
eeg 797.815490723 819.200195312 825.780151367 824.135131836
eeg 781.365661621 792.880554199 773.14074707 876.774536133
eeg 791.235534668 792.880554199 773.14074707 929.413879395
eeg 802.750427246 766.560852051 720.501403809 797.815490723
eeg 771.495788574 871.839599609 825.780151367 797.815490723
eeg 779.720703125 871.839599609 825.780151367 797.815490723
eeg 817.555236816 792.880554199 773.14074707 876.774536133
eeg 822.49017334 766.560852051 773.14074707 929.413879395
eeg 796.170471191 766.560852051 773.14074707 824.135131836
eeg 820.845214844 845.519897461 825.780151367 797.815490723
eeg 824.135131836 924.478942871 878.419494629 824.135131836
eeg 827.425109863 845.519897461 825.780151367 824.135131836
eeg 817.555236816 819.200195312 825.780151367 850.454833984
a nan nan nan nan
b nan nan nan nan
d nan nan nan nan
g nan nan nan nan
t nan nan nan nan
h 4.0 4.0 4.0 4.0
c 0.0
Aa 0.0 0.0 0.0 0.0
Ab 0.0 0.0 0.0 0.0
Ad 0.0 0.0 0.0 0.0
Ag 0.0 0.0 0.0 0.0
At 0.0 0.0 0.0 0.0
as 0.0 0.0 0.0 0.0
bs 0.0 0.0 0.0 0.0
ds 0.0 0.0 0.0 0.0
gs 0.0 0.0 0.0 0.0
ts 0.0 0.0 0.0 0.0
eeg 824.135131836 819.200195312 825.780151367 903.094238281
eeg 845.519897461 792.880554199 773.14074707 771.495788574
eeg 825.780151367 871.839599609 878.419494629 771.495788574
eeg 830.715087891 924.478942871 911.319091797 824.135131836
eeg 843.874938965 819.200195312 822.49017334 903.094238281
eeg 840.584960938 819.200195312 787.945556641 929.413879395
eeg 819.200195312 819.200195312 763.270874023 850.454833984
eeg 829.070068359 898.159240723 850.454833984 797.815490723
eeg 838.940002441 950.79864502 929.413879395 850.454833984
eeg 834.005004883 845.519897461 834.005004883 850.454833984
eeg 817.555236816 819.200195312 809.330322266 876.774536133
eeg 824.135131836 819.200195312 820.845214844 929.413879395
eeg 843.874938965 792.880554199 768.205810547 797.815490723
eeg 814.265258789 871.839599609 884.999450684 797.815490723
eeg 809.330322266 924.478942871 916.25402832 850.454833984
eeg 817.555236816 792.880554199 802.750427246 903.094238281
eeg 810.975280762 792.880554199 781.365661621 929.413879395
eeg 799.460449219 792.880554199 769.850830078 824.135131836
eeg 812.620300293 871.839599609 848.809875488 771.495788574
eeg 825.780151367 950.79864502 927.768920898 876.774536133
eeg 817.555236816 845.519897461 815.91027832 929.413879395
eeg 809.330322266 819.200195312 796.170471191 982.053283691
a nan nan nan nan
b nan nan nan nan
d nan nan nan nan
g nan nan nan nan
t nan nan nan nan
h 4.0 4.0 4.0 4.0
c 0.0
Aa 0.0 0.0 0.0 0.0
Ab 0.0 0.0 0.0 0.0
Ad 0.0 0.0 0.0 0.0
Ag 0.0 0.0 0.0 0.0
At 0.0 0.0 0.0 0.0
as 0.0 0.0 0.0 0.0
bs 0.0 0.0 0.0 0.0
ds 0.0 0.0 0.0 0.0
gs 0.0 0.0 0.0 0.0
ts 0.0 0.0 0.0 0.0
eeg 830.715087891 845.519897461 809.330322266 1034.69262695
eeg 852.09979248 845.519897461 776.430725098 929.413879395
eeg 832.360046387 898.159240723 868.549621582 929.413879395
eeg 829.070068359 950.79864502 908.029174805 982.053283691
eeg 845.519897461 819.200195312 783.010620117 982.053283691
eeg 845.519897461 819.200195312 776.430725098 982.053283691
eeg 806.040344238 819.200195312 776.430725098 876.774536133
eeg 835.650024414 871.839599609 855.389770508 824.135131836
eeg 827.425109863 924.478942871 927.768920898 876.774536133
eeg 824.135131836 819.200195312 829.070068359 876.774536133
eeg 814.265258789 792.880554199 789.590576172 876.774536133
eeg 819.200195312 819.200195312 815.91027832 929.413879395
eeg 840.584960938 819.200195312 796.170471191 824.135131836
eeg 812.620300293 871.839599609 875.129516602 787.945556641
eeg 815.91027832 950.79864502 954.088623047 876.774536133
eeg 824.135131836 845.519897461 822.49017334 896.514282227
eeg 827.425109863 845.519897461 822.49017334 926.123962402
eeg 801.105407715 845.519897461 822.49017334 820.845214844
eeg 810.975280762 898.159240723 901.44921875 755.045959473
eeg 817.555236816 950.79864502 954.088623047 843.874938965
eeg 801.105407715 845.519897461 822.49017334 876.774536133
eeg 778.075683594 819.200195312 822.49017334 860.324707031
a nan nan nan nan
b nan nan nan nan
d nan nan nan nan
g nan nan nan nan
t nan nan nan nan
h 4.0 4.0 4.0 4.0
c 0.0
Aa 0.0 0.0 0.0 0.0
Ab 0.0 0.0 0.0 0.0
Ad 0.0 0.0 0.0 0.0
Ag 0.0 0.0 0.0 0.0
At 0.0 0.0 0.0 0.0
as 0.0 0.0 0.0 0.0
bs 0.0 0.0 0.0 0.0
ds 0.0 0.0 0.0 0.0
gs 0.0 0.0 0.0 0.0
ts 0.0 0.0 0.0 0.0
eeg 806.040344238 845.519897461 848.809875488 916.25402832
eeg 802.750427246 845.519897461 848.809875488 801.105407715
eeg 801.105407715 871.839599609 901.44921875 764.91583252
eeg 827.425109863 924.478942871 927.768920898 873.484558105
eeg 801.105407715 792.880554199 796.170471191 889.934387207
eeg 804.395385742 792.880554199 796.170471191 912.964111328
eeg 797.815490723 819.200195312 796.170471191 810.975280762
eeg 804.395385742 924.478942871 875.129516602 784.655639648
eeg 834.005004883 977.118347168 954.088623047 889.934387207
eeg 822.49017334 977.118347168 875.129516602 916.25402832
eeg 799.460449219 924.478942871 848.809875488 889.934387207
eeg 819.200195312 977.118347168 875.129516602 916.25402832
eeg 827.425109863 977.118347168 875.129516602 837.29498291
eeg 796.170471191 977.118347168 901.44921875 810.975280762
eeg 804.395385742 1029.75769043 954.088623047 916.25402832
eeg 824.135131836 871.839599609 822.49017334 916.25402832
eeg 817.555236816 871.839599609 822.49017334 916.25402832
eeg 789.590576172 871.839599609 848.809875488 837.29498291
eeg 802.750427246 871.839599609 901.44921875 784.655639648
eeg 825.780151367 871.839599609 954.088623047 863.614685059
eeg 809.330322266 819.200195312 848.809875488 889.934387207
eeg 781.365661621 766.560852051 796.170471191 863.614685059
a nan nan nan nan
b nan nan nan nan
d nan nan nan nan
g nan nan nan nan
t nan nan nan nan
h 4.0 4.0 4.0 4.0
c 0.0
Aa 0.0 0.0 0.0 0.0
Ab 0.0 0.0 0.0 0.0
Ad 0.0 0.0 0.0 0.0
Ag 0.0 0.0 0.0 0.0
At 0.0 0.0 0.0 0.0
as 0.0 0.0 0.0 0.0
bs 0.0 0.0 0.0 0.0
ds 0.0 0.0 0.0 0.0
gs 0.0 0.0 0.0 0.0
ts 0.0 0.0 0.0 0.0
eeg 812.620300293 819.200195312 822.49017334 889.934387207
eeg 827.425109863 845.519897461 848.809875488 810.975280762
eeg 804.395385742 858.679748535 875.129516602 758.3359375
eeg 804.395385742 931.058898926 980.40826416 863.614685059
eeg 820.845214844 799.460449219 848.809875488 863.614685059
eeg 832.360046387 786.300598145 848.809875488 863.614685059
eeg 792.880554199 852.09979248 875.129516602 784.655639648
eeg 810.975280762 891.579345703 927.768920898 732.016235352
eeg 814.265258789 924.478942871 954.088623047 810.975280762
eeg 814.265258789 825.780151367 848.809875488 863.614685059
eeg 807.68536377 759.980895996 796.170471191 837.29498291
eeg 815.91027832 838.940002441 848.809875488 837.29498291
eeg 829.070068359 865.259643555 848.809875488 784.655639648
eeg 814.265258789 858.679748535 848.809875488 732.016235352
eeg 822.49017334 917.899047852 901.44921875 863.614685059
eeg 834.005004883 792.880554199 769.850830078 863.614685059
eeg 825.780151367 773.14074707 769.850830078 863.614685059
eeg 809.330322266 868.549621582 840.584960938 797.815490723
eeg 817.555236816 894.86932373 893.224304199 745.176086426
eeg 819.200195312 894.86932373 945.863708496 797.815490723
eeg 825.780151367 815.91027832 893.224304199 850.454833984
