eeg 562.583251953 973.828369141 959.02355957 822.49017334
eeg 547.778442383 921.188964844 853.744812012 848.809875488
eeg 575.743103027 921.188964844 880.064453125 875.129516602
eeg 580.678039551 973.828369141 906.384155273 769.850830078
eeg 554.358398438 973.828369141 959.02355957 769.850830078
eeg 547.778442383 973.828369141 985.343200684 796.170471191
eeg 564.228271484 868.549621582 880.064453125 875.129516602
eeg 559.293334961 815.91027832 853.744812012 822.49017334
eeg 544.488464355 868.549621582 906.384155273 901.44921875
eeg 541.198547363 868.549621582 906.384155273 769.850830078
eeg 539.553527832 868.549621582 906.384155273 769.850830078
eeg 542.843505859 921.188964844 959.02355957 822.49017334
eeg 529.683654785 815.91027832 801.105407715 848.809875488
eeg 551.06842041 815.91027832 801.105407715 875.129516602
eeg 552.713378906 868.549621582 827.425109863 769.850830078
eeg 546.133483887 868.549621582 880.064453125 769.850830078
eeg 544.488464355 868.549621582 932.703857422 822.49017334
eeg 554.358398438 815.91027832 827.425109863 927.768920898
eeg 551.06842041 763.270874023 801.105407715 875.129516602
eeg 539.553527832 815.91027832 853.744812012 927.768920898
a nan nan nan nan
b nan nan nan nan
d nan nan nan nan
g nan nan nan nan
t nan nan nan nan
h 4.0 4.0 4.0 4.0
c 0.0
Aa 0.0 0.0 0.0 0.0
Ab 0.0 0.0 0.0 0.0
Ad 0.0 0.0 0.0 0.0
Ag 0.0 0.0 0.0 0.0
At 0.0 0.0 0.0 0.0
as 0.0 0.0 0.0 0.0
bs 0.0 0.0 0.0 0.0
ds 0.0 0.0 0.0 0.0
gs 0.0 0.0 0.0 0.0
ts 0.0 0.0 0.0 0.0
eeg 549.423461914 815.91027832 853.744812012 822.49017334
eeg 554.358398438 815.91027832 853.744812012 822.49017334
eeg 556.003356934 868.549621582 932.703857422 875.129516602
eeg 551.06842041 763.270874023 801.105407715 875.129516602
eeg 564.228271484 763.270874023 801.105407715 875.129516602
eeg 570.808166504 868.549621582 853.744812012 822.49017334
eeg 547.778442383 868.549621582 880.064453125 822.49017334
eeg 542.843505859 868.549621582 932.703857422 822.49017334
eeg 582.323059082 815.91027832 827.425109863 875.129516602
eeg 559.293334961 763.270874023 774.785766602 822.49017334
eeg 549.423461914 868.549621582 853.744812012 875.129516602
eeg 554.358398438 868.549621582 853.744812012 769.850830078
eeg 572.453186035 858.679748535 827.425109863 750.111022949
eeg 567.518188477 894.86932373 853.744812012 822.49017334
eeg 539.553527832 792.880554199 722.146362305 842.229919434
eeg 547.778442383 763.270874023 722.146362305 861.969726562
eeg 528.038696289 881.709472656 801.105407715 769.850830078
eeg 531.328674316 894.86932373 827.425109863 769.850830078
eeg 534.618591309 904.739196777 853.744812012 802.750427246
eeg 541.198547363 815.91027832 774.785766602 894.86932373
eeg 537.908569336 750.111022949 722.146362305 796.170471191
eeg 531.328674316 855.389770508 801.105407715 868.549621582
a nan nan nan nan
b nan nan nan nan
d nan nan nan nan
g nan nan nan nan
t nan nan nan nan
h 4.0 4.0 4.0 4.0
c 0.0
Aa 0.0 0.0 0.0 0.0
Ab 0.0 0.0 0.0 0.0
Ad 0.0 0.0 0.0 0.0
Ag 0.0 0.0 0.0 0.0
At 0.0 0.0 0.0 0.0
as 0.0 0.0 0.0 0.0
bs 0.0 0.0 0.0 0.0
ds 0.0 0.0 0.0 0.0
gs 0.0 0.0 0.0 0.0
ts 0.0 0.0 0.0 0.0
eeg 539.553527832 891.579345703 827.425109863 750.111022949
eeg 551.06842041 861.969726562 827.425109863 736.951171875
eeg 551.06842041 888.289367676 880.064453125 809.330322266
eeg 546.133483887 806.040344238 774.785766602 848.809875488
eeg 559.293334961 756.690979004 774.785766602 848.809875488
eeg 560.938293457 891.579345703 880.064453125 769.850830078
eeg 574.098144531 891.579345703 906.384155273 796.170471191
eeg 562.583251953 891.579345703 906.384155273 848.809875488
eeg 575.743103027 812.620300293 827.425109863 927.768920898
eeg 582.323059082 759.980895996 774.785766602 822.49017334
eeg 567.518188477 865.259643555 880.064453125 875.129516602
eeg 559.293334961 891.579345703 906.384155273 796.170471191
eeg 556.003356934 865.259643555 880.064453125 769.850830078
eeg 556.003356934 865.259643555 906.384155273 848.809875488
eeg 549.423461914 812.620300293 827.425109863 875.129516602
eeg 562.583251953 759.980895996 801.105407715 875.129516602
eeg 562.583251953 891.579345703 906.384155273 822.49017334
eeg 547.778442383 891.579345703 906.384155273 822.49017334
eeg 544.488464355 891.579345703 906.384155273 848.809875488
eeg 569.163208008 812.620300293 827.425109863 927.768920898
eeg 556.003356934 759.980895996 774.785766602 822.49017334
eeg 556.003356934 865.259643555 853.744812012 848.809875488
a nan nan nan nan
b nan nan nan nan
d nan nan nan nan
g nan nan nan nan
t nan nan nan nan
h 4.0 4.0 4.0 4.0
c 0.0
Aa 0.0 0.0 0.0 0.0
Ab 0.0 0.0 0.0 0.0
Ad 0.0 0.0 0.0 0.0
Ag 0.0 0.0 0.0 0.0
At 0.0 0.0 0.0 0.0
as 0.0 0.0 0.0 0.0
bs 0.0 0.0 0.0 0.0
ds 0.0 0.0 0.0 0.0
gs 0.0 0.0 0.0 0.0
ts 0.0 0.0 0.0 0.0
eeg 564.228271484 891.579345703 853.744812012 769.850830078
eeg 579.033081055 838.940002441 827.425109863 743.53112793
eeg 560.938293457 812.620300293 853.744812012 822.49017334
eeg 552.713378906 733.661254883 774.785766602 848.809875488
eeg 567.518188477 681.021850586 748.466064453 822.49017334
eeg 551.06842041 812.620300293 853.744812012 769.850830078
eeg 556.003356934 812.620300293 853.744812012 769.850830078
eeg 541.198547363 812.620300293 853.744812012 796.170471191
eeg 552.713378906 759.980895996 774.785766602 901.44921875
eeg 557.64831543 707.341552734 722.146362305 796.170471191
eeg 549.423461914 812.620300293 827.425109863 822.49017334
eeg 556.003356934 865.259643555 853.744812012 769.850830078
eeg 574.098144531 812.620300293 801.105407715 743.53112793
eeg 551.06842041 812.620300293 827.425109863 796.170471191
eeg 534.618591309 786.300598145 774.785766602 848.809875488
eeg 557.64831543 733.661254883 748.466064453 796.170471191
eeg 574.098144531 838.940002441 853.744812012 763.270874023
eeg 556.003356934 838.940002441 827.425109863 776.430725098
eeg 549.423461914 812.620300293 801.105407715 812.620300293
eeg 557.64831543 759.980895996 695.826660156 917.899047852
eeg 552.713378906 733.661254883 669.507019043 792.880554199
eeg 557.64831543 812.620300293 774.785766602 822.49017334
a nan nan nan nan
b nan nan nan nan
d nan nan nan nan
g nan nan nan nan
t nan nan nan nan
h 4.0 4.0 4.0 4.0
c 0.0
Aa 0.0 0.0 0.0 0.0
Ab 0.0 0.0 0.0 0.0
Ad 0.0 0.0 0.0 0.0
Ag 0.0 0.0 0.0 0.0
At 0.0 0.0 0.0 0.0
as 0.0 0.0 0.0 0.0
bs 0.0 0.0 0.0 0.0
ds 0.0 0.0 0.0 0.0
gs 0.0 0.0 0.0 0.0
ts 0.0 0.0 0.0 0.0
eeg 546.133483887 865.259643555 801.105407715 763.270874023
eeg 554.358398438 812.620300293 774.785766602 759.980895996
eeg 544.488464355 812.620300293 774.785766602 802.750427246
eeg 539.553527832 812.620300293 748.466064453 865.259643555
eeg 544.488464355 759.980895996 695.826660156 789.590576172
eeg 546.133483887 891.579345703 827.425109863 763.270874023
eeg 542.843505859 891.579345703 827.425109863 786.300598145
eeg 523.103759766 838.940002441 827.425109863 815.91027832
eeg 526.393737793 786.300598145 774.785766602 917.899047852
eeg 521.458740234 759.980895996 748.466064453 779.720703125
eeg 509.943908691 759.980895996 801.105407715 809.330322266
eeg 508.298919678 812.620300293 801.105407715 763.270874023
eeg 531.328674316 759.980895996 748.466064453 773.14074707
eeg 528.038696289 759.980895996 748.466064453 799.460449219
eeg 514.878845215 759.980895996 748.466064453 868.549621582
eeg 534.618591309 707.341552734 695.826660156 769.850830078
eeg 562.583251953 812.620300293 801.105407715 753.401000977
eeg 551.06842041 812.620300293 801.105407715 789.590576172
eeg 531.328674316 759.980895996 801.105407715 825.780151367
eeg 556.003356934 759.980895996 748.466064453 921.188964844
eeg 556.003356934 759.980895996 748.466064453 779.720703125
eeg 557.64831543 812.620300293 801.105407715 799.460449219
a nan nan nan nan
b nan nan nan nan
d nan nan nan nan
g nan nan nan nan
t nan nan nan nan
h 4.0 4.0 4.0 4.0
c 0.0
Aa 0.0 0.0 0.0 0.0
Ab 0.0 0.0 0.0 0.0
Ad 0.0 0.0 0.0 0.0
Ag 0.0 0.0 0.0 0.0
At 0.0 0.0 0.0 0.0
as 0.0 0.0 0.0 0.0
bs 0.0 0.0 0.0 0.0
ds 0.0 0.0 0.0 0.0
gs 0.0 0.0 0.0 0.0
ts 0.0 0.0 0.0 0.0
eeg 559.293334961 865.259643555 853.744812012 763.270874023
eeg 565.87322998 812.620300293 801.105407715 786.300598145
eeg 564.228271484 812.620300293 801.105407715 799.460449219
eeg 554.358398438 812.620300293 801.105407715 875.129516602
eeg 564.228271484 759.980895996 695.826660156 756.690979004
eeg 554.358398438 865.259643555 801.105407715 753.401000977
eeg 549.423461914 865.259643555 801.105407715 799.460449219
eeg 534.618591309 786.300598145 748.466064453 829.070068359
eeg 544.488464355 786.300598145 695.826660156 927.768920898
eeg 536.26361084 786.300598145 695.826660156 779.720703125
eeg 542.843505859 865.259643555 801.105407715 792.880554199
eeg 541.198547363 917.899047852 853.744812012 773.14074707
eeg 557.64831543 838.940002441 801.105407715 802.750427246
eeg 549.423461914 812.620300293 801.105407715 796.170471191
eeg 529.683654785 812.620300293 801.105407715 878.419494629
eeg 532.973632812 786.300598145 748.466064453 740.241149902
eeg 529.683654785 865.259643555 853.744812012 750.111022949
eeg 532.973632812 891.579345703 853.744812012 802.750427246
eeg 526.393737793 786.300598145 801.105407715 838.940002441
eeg 552.713378906 786.300598145 801.105407715 924.478942871
eeg 551.06842041 776.430725098 764.91583252 773.14074707
eeg 542.843505859 881.709472656 857.034729004 783.010620117
a nan nan nan nan
b nan nan nan nan
d nan nan nan nan
g nan nan nan nan
t nan nan nan nan
h 4.0 4.0 4.0 4.0
c 0.0
Aa 0.0 0.0 0.0 0.0
Ab 0.0 0.0 0.0 0.0
Ad 0.0 0.0 0.0 0.0
Ag 0.0 0.0 0.0 0.0
At 0.0 0.0 0.0 0.0
as 0.0 0.0 0.0 0.0
bs 0.0 0.0 0.0 0.0
ds 0.0 0.0 0.0 0.0
gs 0.0 0.0 0.0 0.0
ts 0.0 0.0 0.0 0.0
eeg 547.778442383 960.668518066 916.25402832 778.075683594
eeg 569.163208008 855.389770508 830.715087891 815.91027832
eeg 569.163208008 829.070068359 804.395385742 797.815490723
eeg 556.003356934 829.070068359 804.395385742 881.709472656
eeg 556.003356934 829.070068359 764.91583252 740.241149902
eeg 575.743103027 881.709472656 876.774536133 748.466064453
eeg 554.358398438 934.348815918 896.514282227 810.975280762
eeg 542.843505859 802.750427246 797.815490723 838.940002441
eeg 557.64831543 802.750427246 784.655639648 924.478942871
eeg 557.64831543 802.750427246 771.495788574 773.14074707
eeg 565.87322998 881.709472656 857.034729004 778.075683594
eeg 554.358398438 934.348815918 929.413879395 786.300598145
eeg 557.64831543 829.070068359 817.555236816 827.425109863
eeg 536.26361084 802.750427246 804.395385742 801.105407715
eeg 528.038696289 829.070068359 810.975280762 883.354431152
eeg 546.133483887 855.389770508 781.365661621 778.075683594
eeg 536.26361084 908.029174805 883.354431152 778.075683594
eeg 532.973632812 960.668518066 912.964111328 830.715087891
eeg 531.328674316 829.070068359 794.525512695 857.034729004
eeg 569.163208008 829.070068359 771.495788574 935.993835449
eeg 567.518188477 829.070068359 774.785766602 804.395385742
eeg 531.328674316 881.709472656 870.194580078 804.395385742
a nan nan nan nan
b nan nan nan nan
d nan nan nan nan
g nan nan nan nan
t nan nan nan nan
h 4.0 4.0 4.0 4.0
c 0.0
Aa 0.0 0.0 0.0 0.0
Ab 0.0 0.0 0.0 0.0
Ad 0.0 0.0 0.0 0.0
Ag 0.0 0.0 0.0 0.0
At 0.0 0.0 0.0 0.0
as 0.0 0.0 0.0 0.0
bs 0.0 0.0 0.0 0.0
ds 0.0 0.0 0.0 0.0
gs 0.0 0.0 0.0 0.0
ts 0.0 0.0 0.0 0.0
eeg 534.618591309 934.348815918 932.703857422 804.395385742
eeg 528.038696289 829.070068359 824.135131836 857.034729004
eeg 551.06842041 802.750427246 787.945556641 830.715087891
eeg 528.038696289 829.070068359 810.975280762 909.674133301
eeg 516.523803711 829.070068359 794.525512695 778.075683594
eeg 531.328674316 855.389770508 870.194580078 778.075683594
eeg 521.458740234 908.029174805 916.25402832 830.715087891
eeg 514.878845215 776.430725098 778.075683594 857.034729004
eeg 537.908569336 776.430725098 778.075683594 909.674133301
eeg 523.103759766 829.070068359 778.075683594 857.034729004
eeg 514.878845215 908.029174805 830.715087891 857.034729004
eeg 496.784057617 960.668518066 883.354431152 857.034729004
eeg 516.523803711 855.389770508 778.075683594 909.674133301
eeg 505.008972168 802.750427246 778.075683594 857.034729004
eeg 503.363983154 829.070068359 778.075683594 909.674133301
eeg 513.233886719 829.070068359 778.075683594 804.395385742
eeg 521.458740234 855.389770508 830.715087891 804.395385742
eeg 531.328674316 934.348815918 883.354431152 857.034729004
eeg 508.298919678 802.750427246 778.075683594 857.034729004
eeg 519.813781738 802.750427246 778.075683594 909.674133301
eeg 513.233886719 829.070068359 778.075683594 804.395385742
eeg 524.748718262 881.709472656 830.715087891 804.395385742
a nan nan nan nan
b nan nan nan nan
d nan nan nan nan
g nan nan nan nan
t nan nan nan nan
h 4.0 4.0 4.0 4.0
c 0.0
Aa 0.0 0.0 0.0 0.0
Ab 0.0 0.0 0.0 0.0
Ad 0.0 0.0 0.0 0.0
Ag 0.0 0.0 0.0 0.0
At 0.0 0.0 0.0 0.0
as 0.0 0.0 0.0 0.0
bs 0.0 0.0 0.0 0.0
ds 0.0 0.0 0.0 0.0
gs 0.0 0.0 0.0 0.0
ts 0.0 0.0 0.0 0.0
eeg 537.908569336 908.029174805 883.354431152 804.395385742
eeg 544.488464355 802.750427246 778.075683594 857.034729004
eeg 529.683654785 750.111022949 778.075683594 804.395385742
